1.915775652968459697e-01 6.416225357470174695e-02
2.390946829552073605e-01 2.141132208329440123e-01
1.437487679186592315e-01 7.791715991663458740e-02
7.110704947684852451e-02 2.903426761549322555e-01
2.002498242844326370e-01 2.895337140284600652e-01
5.415906717491362349e-02 1.182428860113283742e-01
1.928657324976185417e-01 1.127781851882394965e-01
6.847536365184841989e-02 1.260125355530595792e-01
2.858585148124730413e-01 2.546958106050006831e-02
2.518126236325851086e-01 4.531756297524830446e-02
1.601587631023912994e-01 2.280453040893090089e-01
1.683905769392261831e-01 9.926375370974932499e-02
1.102843809789972804e-02 2.994279179618356337e-02
2.124992097999115273e-02 1.772198979958173881e-01
1.929203550777755516e-01 4.108119073327088505e-02
3.537327122251210289e-03 8.455308312481399358e-02
2.683176528354294099e-01 1.868600398014537423e-01
2.076565451416870767e-01 2.701773260932091025e-01
1.467580075152346841e-01 3.890246233755096511e-02
2.998963965137809717e-01 1.770457827343898394e-01
7.745242807865579393e-02 2.940864090013298737e-01
2.279267154331046652e-01 2.031118518785327010e-01
2.555971554252492450e-01 1.866620537958988690e-01
2.249551366197357627e-01 4.411187858456211072e-03
8.061259862502860585e-02 8.316688607973175829e-02
1.569040421629635251e-01 8.639618539494776928e-02
2.758021124143458791e-01 1.870085943037188836e-01
1.175718591515675648e-01 4.337284765726484581e-02
2.045547161718554163e-01 2.991716675050443142e-01
2.283454901621397026e-01 2.072525113861848067e-01
4.884687435242494880e-02 2.765288703582925375e-02
1.413133992549489293e-01 1.211352408263892400e-01
2.359035135825501006e-01 1.737891494788699753e-01
2.168184136903199555e-01 6.268856884705613364e-02
1.067967655908893566e-02 3.695881293428782827e-02
1.220077688970319131e-02 2.192032595337318202e-01
8.381516080532461221e-02 2.182858310877187902e-01
1.963462019577766893e-01 3.661675378295538991e-02
1.935108444355720936e-01 1.069069019528676168e-01
1.683820618657051460e-01 2.832278353151211903e-01
9.062893348150462269e-02 6.727730901570555533e-02
1.088953281200774094e-02 2.186605722138759422e-01
1.982900814566714021e-01 1.539530821176145758e-01
1.294640862928526093e-01 5.303082749150770520e-02
9.690046988577770415e-02 8.984587009000950808e-02
9.835707996824309685e-02 6.657529805977702164e-02
8.428758143781214796e-02 5.474368297745880324e-02
2.216268879535649161e-01 2.669919435313361511e-01
1.420353568536928401e-01 1.263679023500559606e-01
1.775543692281072727e-01 1.371399712553290351e-01
