2.414952290730850992e-01 1.044695832964372996e-02
1.608686817826336379e-01 2.150933690780952867e-01
1.780374196035088841e-01 8.836992118769104038e-03
4.838005043217167428e-02 1.188609723192418088e-01
2.882724126368911288e-01 5.421572009777889806e-02
2.063422248677525828e-01 2.789988975901819268e-01
2.847115938458311679e-01 2.480220237742740419e-01
2.275875979260830531e-02 2.215898717872255841e-01
1.951991472770036040e-01 1.917121839686560525e-01
2.619089193205592081e-01 8.457470049231888276e-02
4.999176225827915709e-02 6.820632567628678866e-02
1.146286294700823473e-02 2.320447620177807854e-02
2.322749813689797549e-01 4.444227067479136067e-02
1.498885943166147205e-01 2.554232678023971026e-01
1.132880952889366299e-01 2.990801747169727909e-01
2.323727344965080890e-02 1.603058452676839607e-01
1.374868099081957007e-01 1.222557307915051322e-01
8.221563412602705956e-02 1.329830063460136699e-02
5.137655011320722831e-02 2.789965245639072222e-01
1.265204886923955718e-01 5.462640163138247212e-02
1.969978068560838402e-01 7.540733567611873633e-02
1.439480992093231382e-01 2.302090053488550780e-01
1.926531427203382330e-01 2.274946943554343182e-01
3.333857998175249887e-02 2.638961463316965017e-01
2.525103937689120517e-02 1.948251513003477486e-01
2.863400001425475128e-01 1.784778774831735360e-01
1.272081456737785277e-01 9.885211857014768178e-02
1.080834880420186994e-01 2.962309708864839242e-01
1.153144645022512738e-01 8.441846665765256885e-02
1.487237297984383977e-01 2.403881000249295241e-01
1.126750261559971156e-01 1.320914376073488439e-01
8.230458633174857208e-02 2.160402104751007746e-01
2.650074513917587415e-01 3.451362159157345816e-02
5.849905824835821035e-03 1.719670931026752447e-01
2.342193047047980980e-01 1.861606302281257619e-01
1.714347829560657621e-01 1.294919394116261502e-01
2.278158717692742585e-01 1.503433015102157155e-01
2.705935699943474160e-01 4.806376839050447575e-02
2.063810772241312375e-01 1.525214161735408414e-01
2.018971889712030954e-01 2.401894103855089779e-01
2.207225137857120323e-01 5.460106130851315187e-02
1.651093658824631105e-01 1.323420818089396100e-01
1.098286571747897344e-02 1.860008642553914460e-01
8.953110375757200590e-02 2.874958293620020200e-01
1.396481848897346834e-01 1.640936039467431329e-01
2.803962449904697229e-01 2.226668111333780786e-01
1.449133022148850203e-01 1.132971011321747545e-01
1.701905561698636993e-01 7.323232843805732584e-02
1.976516645696643759e-01 1.290651664793371900e-01
1.333855425683698470e-01 1.999944926430163861e-01
