2.260470406858323678e-01 1.492000390634752316e-01
3.067822557585516557e-02 2.206406642328388179e-01
2.685871234052543133e-01 6.111159103674244919e-02
1.291871509729143608e-01 2.287581667543425734e-01
2.668233717718875297e-01 1.461733083327093896e-01
2.970318482109194150e-02 2.219429650141208632e-01
1.315525836874929522e-01 2.485439315690578799e-01
1.919900044545706785e-01 1.822634671186698363e-01
2.074845949710236448e-01 5.843903484666999881e-02
4.299162629847012168e-02 1.439514660333615637e-01
2.242448624213178587e-01 5.137666028114643707e-02
2.002356517274880288e-01 1.468736141775675297e-01
1.284985514659544859e-01 6.445804588910146460e-02
1.392487268271898615e-01 2.338958372739033398e-01
1.161835741396860383e-01 7.079520809319046759e-02
2.346007896499489043e-01 2.474790652740669131e-02
1.669731854876611021e-01 1.160811345078056611e-01
2.098823916124719913e-01 2.789856842726924357e-01
2.659982120683562212e-01 1.475891516459361397e-01
2.079297607705461182e-01 1.785438363059392297e-01
2.462529275110406646e-01 1.476742428792904294e-02
3.187103445335272983e-02 1.441659450534192588e-01
2.344913301979102693e-01 2.073854332645400089e-01
3.225629683162556296e-03 2.403392143571089767e-01
2.701822829922057023e-02 2.192461217908257820e-01
5.450629664383296186e-02 1.122897226859523589e-01
2.297248736184183682e-01 7.757801739138615871e-02
1.133026492621067027e-01 6.270750489358541124e-02
1.449274709788848647e-01 1.643212078346230620e-01
2.470336948519414044e-01 1.069275469527861261e-01
3.534165847948021744e-02 2.620687266734990084e-01
3.539520313518873182e-03 1.012743359767752649e-01
6.676623520611855989e-02 1.273642381070960450e-01
2.859559455283819385e-01 1.586482775917708588e-01
2.307511823875031676e-01 2.283375003341335807e-01
2.228509460032395417e-01 7.632669667128488822e-02
2.362902757161107758e-01 2.040906552275093544e-01
7.200406654579939725e-02 2.490028975083481699e-01
8.949738357052684778e-02 2.330158522393732667e-01
1.189947437502245770e-01 1.428979548252527210e-01
1.598047146246936723e-01 7.387776179604498006e-02
2.250866543454813073e-01 2.295078461767733335e-01
1.165777386006549288e-01 2.731273621979288246e-01
5.936172451875318390e-02 2.869379582666265471e-01
9.410857709128767068e-02 2.395374522159708641e-01
2.403315481561175415e-01 6.213275029116999137e-02
9.435770116320127410e-02 2.328140122036218562e-01
1.609259220946852309e-01 1.512979131296250113e-01
1.548254042056633646e-02 3.700752999802026794e-02
2.845679640547001399e-01 1.608347137320599585e-01
