1.788341419363763951e-01 1.464152599512318631e-01
2.521221517859536521e-01 2.153314087321243075e-01
2.536368964796244518e-01 3.577233094038149985e-02
2.845427507676225320e-01 2.182524354756766038e-01
1.766064491036663242e-01 1.518800888888332534e-01
2.503860285893461102e-01 2.939478271560211908e-01
2.233296270732729738e-01 2.391568313125165823e-01
5.845849734875795123e-02 8.453787572083480695e-02
1.570298802056593612e-01 5.803256137924813624e-02
2.615913558797225980e-01 7.629620536437536904e-02
1.431063891348234307e-01 2.506579300537734589e-01
1.704378398564713182e-01 2.388946673318365355e-01
2.042719267326425503e-01 2.681413984674855255e-01
2.083309596839525435e-01 6.826236858463392843e-02
5.137078355160200338e-02 9.290625825220201472e-02
2.547392691351498817e-01 1.656198342850546956e-01
2.980478308388175845e-01 3.756059262228267359e-02
2.450692399988257386e-01 8.852901339846597217e-02
1.582104877138618415e-01 2.684811432416389643e-01
1.478159335469042546e-01 8.954798756870978316e-02
1.770276522436106392e-01 8.869812867815730917e-02
1.115565235599927374e-01 9.575242310885304087e-02
1.869619211346817134e-01 1.149953895797920789e-01
2.691050095547146137e-01 1.972809061122572649e-01
1.396944567935687054e-01 2.168587538095259892e-01
9.919658993301939953e-02 1.048730693166191746e-01
7.177226145859970374e-02 3.113810927646766188e-02
1.842626715283829930e-01 2.390643387871422276e-01
1.972910744042594144e-01 1.656388172581134133e-01
2.848869774509070196e-01 4.830195407570645610e-02
2.893891482181542574e-01 2.926202670655134175e-01
1.328031548637473025e-01 1.476451088212900886e-01
2.142744005548313790e-02 3.174247537552149501e-02
1.392602631191302287e-01 1.111832641211067535e-01
1.238929550257099055e-01 9.284277018036199425e-02
1.567500372828392330e-01 1.932626841285615960e-01
9.106861088969530477e-03 1.570903158480868866e-01
1.641188430909008567e-01 5.007006657447921061e-02
1.711505462939588440e-01 2.276244244068769199e-02
2.402684396363246599e-01 2.907614850467056811e-01
7.486052177222417281e-02 4.764904258155069211e-02
2.616040571987414687e-01 2.923265068361209917e-01
1.586303297903349507e-01 2.420710450024595728e-01
4.083060957056565410e-02 6.267801049828870819e-02
1.564639548705198946e-01 5.159799381872187153e-03
2.433733546005334425e-01 2.517835735167672784e-02
2.755882392076949294e-01 5.856538020174859027e-02
2.447679771630295598e-02 2.749172416011009812e-01
1.954559331595927540e-01 1.044857552439184128e-01
5.509751527131971638e-02 2.054073723586850309e-01
