2.854680865151713598e-01 1.957833998715199919e-01
1.083073658207473963e-02 2.407237108665931380e-01
5.203567657188631207e-02 9.199586830463128695e-02
2.727820223488746088e-01 2.932634304796341018e-01
2.981682843911042657e-01 1.439731482122121042e-01
2.105116313603949685e-02 2.134049797780753488e-01
2.506504379342060496e-01 2.169764570826283601e-01
2.968134599412163288e-01 1.446711929026961441e-01
2.171920606872483617e-01 2.487350144242750083e-01
1.173130613805591499e-01 2.677631265479467060e-01
1.778025844814861978e-01 1.330020058137073857e-01
2.278277690366087294e-02 4.831039845835721769e-02
1.835648915198313802e-01 5.454768123299917615e-02
2.902947234603754367e-01 2.211490897082805385e-01
1.188069353182508864e-01 1.188463741622182712e-01
2.495364548957301754e-01 2.593255711362674187e-01
2.223610266285993287e-01 2.944733305958115999e-01
1.577553899575530327e-01 2.903080537138878481e-01
9.867593279302123987e-02 8.843538919148036248e-02
1.824062123319660639e-02 2.284232431488226189e-01
8.736834275773841529e-02 4.740342504946115643e-02
1.966758649828515004e-02 3.766928643735334252e-03
1.886014711997952009e-01 7.005584741789549520e-03
1.478106947717485742e-01 2.548132266709735583e-01
1.141957839442489936e-01 2.310281733167527385e-01
1.819937671610028784e-01 2.497173512966755216e-01
1.258474919905326617e-01 1.086986652236022338e-01
2.423023181869534415e-01 2.736768515244860089e-01
1.683344801339993480e-01 2.285514861069862583e-02
2.325755456564376211e-01 8.658665577663682278e-02
2.274499366125556366e-01 2.206440395655660525e-01
3.961399987753388627e-03 4.874658623526596096e-02
2.282315576448408143e-02 8.265349810975648748e-02
1.430173207122993340e-01 8.177811894078948485e-02
3.924359816003433060e-02 1.854017936859133492e-02
2.084833482045099218e-01 9.995063526807772269e-02
1.084382383452876381e-01 3.740204910982886100e-02
1.994330072304826007e-01 2.279716446470205632e-02
1.098205073235612589e-01 2.374824301781959246e-01
2.861193452183511954e-01 1.571376017727446894e-01
9.842539881919831410e-03 1.788087029886709922e-01
3.233196635592738518e-04 1.185797689571480018e-01
2.678409252378092242e-01 1.965130388468667166e-01
2.258215861723071594e-01 2.545660426003700239e-01
9.293185712464904769e-02 1.755339138024857026e-01
1.530013220007448715e-01 1.107603869380662381e-01
1.874326784157038239e-01 1.045932054640083264e-01
2.339688414339196124e-02 1.597802061829962927e-01
1.724037686496450103e-02 2.861237663603851122e-01
1.169693639897130683e-01 8.042856995828298605e-02
