2.595033369639892507e-01 2.687234522719139651e-01
1.684687723339718113e-01 1.274807290260922266e-01
1.172708936955670495e-01 2.548452988687069931e-01
2.585229637660582669e-01 7.107879496717716544e-03
2.411167597156048115e-01 2.340551526612547062e-01
1.351780111757061031e-01 1.724453338376638334e-01
2.734030908268436089e-01 4.694540465628653514e-02
8.520695445369659560e-02 5.730821674851973441e-02
1.114362317989677081e-01 1.868914099065250856e-01
8.133026975540967596e-02 2.263180181867231466e-01
1.659052804673250281e-01 8.548623830669789536e-02
1.220686314974800679e-01 2.187914552484244435e-01
2.236005825634931055e-01 2.025248065133067044e-01
6.885135279262157015e-02 1.420018385077405354e-01
2.397826992778261945e-01 4.313533019305450938e-02
1.490300497116974210e-01 2.763063173154164387e-01
2.686505022228193873e-01 8.284478066365091875e-02
3.783949652120797286e-02 2.712394040680445872e-01
2.596995585506772786e-01 1.697252792359530693e-01
7.687743218106574128e-02 1.484675797076246140e-01
2.842872116600400068e-01 1.632241686441291140e-01
3.638245771387264155e-02 1.430739530124886250e-01
6.462954968137871181e-02 6.147190989515971191e-03
1.229392590085073428e-01 2.708648597396945967e-01
2.250864834556459693e-01 9.902765002128240124e-02
1.652900553157731489e-01 1.580342627981012882e-02
5.709860660103762559e-02 2.263225538865691056e-01
2.817908185288721667e-01 2.456287790941643068e-01
1.211556506121495291e-01 2.328706565264473255e-02
6.977283293651784235e-02 8.683624550635204997e-03
1.740776865509604809e-01 1.954216175193796909e-02
2.958133897387850708e-01 1.631415755798991396e-01
6.760911385308110595e-03 2.907327830671289637e-01
1.334384272710097408e-01 2.337033962433786860e-01
2.137149230015217005e-01 2.745655396185801567e-01
2.724647513796019660e-01 1.769410998190008855e-01
1.558467393425485847e-01 1.257673851580610458e-01
9.053403822965655490e-03 1.629193559900055099e-01
6.694991521946426494e-02 1.703761712464133271e-01
3.004891084792052705e-02 5.454169431340553237e-02
1.635919666941169914e-01 1.332926009405661361e-01
7.913956768582548762e-02 1.600817520000284433e-01
1.756093258427128823e-01 1.838870355528857692e-01
2.413265261800494055e-01 1.336923568366009951e-01
1.331825731896538745e-01 2.724914739893934401e-01
2.156222934485978182e-01 2.628091963759176530e-01
9.609214850376190942e-02 6.436674865508806419e-04
1.120315826699863210e-01 2.734445997758243041e-01
4.205932008151591281e-03 1.553681404057580782e-02
2.909412740380958734e-02 1.469213833027136484e-01
