2.668031752335761619e-01 1.468578238270292213e-01
2.183864251067657580e-02 4.882919291252003219e-02
2.605363194923235662e-02 2.244684449209062224e-02
1.782654548288859775e-01 1.122592600610194669e-01
7.847152079245338363e-02 1.426881952745626958e-01
1.763949514758675619e-01 2.048272734321053834e-01
5.414064978706965153e-02 7.178662946454601734e-02
1.732042013710311801e-01 2.575778048824576838e-01
1.036685048601781872e-01 1.810174555662481255e-01
1.367171637088529235e-01 5.670274236387586736e-02
2.760805600686657146e-01 2.049250407610248015e-02
2.902688031745930819e-01 2.331021895878656880e-01
1.729012131073949798e-01 1.227785237692032849e-01
1.787828824754405799e-01 1.643598797388508281e-01
2.954040760644187635e-01 1.914492080185282996e-01
2.401129380696031268e-01 2.323358991576308930e-01
2.351009989785521892e-01 2.364926019493467646e-01
1.205907316862887962e-01 2.042669677645728987e-01
2.020040441459081959e-01 4.302579987524879357e-02
1.639407541391641465e-01 1.417819323501691084e-02
1.390102096860382497e-01 2.848597062479966691e-01
1.600586832459441333e-01 1.153899545658252229e-01
2.315834112441843839e-01 1.227713698823907490e-01
3.957873588527683478e-02 1.210806066256940872e-01
1.118659094769660356e-01 1.295953102951211133e-01
1.403199936509995083e-01 1.935247319479153350e-01
1.487035721011691625e-01 1.383789898520722261e-01
2.852917346216967132e-01 2.048290338475979577e-01
2.425746724277760835e-01 4.012872409013774205e-02
2.673719021801220785e-01 2.030178344432979620e-01
1.436392879521489474e-01 8.007535526369104206e-02
4.864626208770598398e-02 1.173474500223951195e-01
2.692039624489908634e-01 1.500976730078814464e-02
2.146208095803216198e-01 8.606579596574871760e-02
1.162620162866375290e-01 1.048285696369150033e-01
1.977628940427752224e-01 9.242741729898895642e-02
2.587916675074445894e-01 1.167651385020106181e-01
1.384927937071287196e-01 2.500750726862696061e-01
2.606691760357620069e-01 3.912016886918655290e-02
5.376253618607635537e-02 2.047792267796717247e-01
2.302905201566202154e-01 2.793592145372697511e-02
1.302588290553935158e-01 2.131670983833650335e-01
2.598895766191445800e-01 1.204436298624809720e-01
7.341558146645749128e-02 2.067894886070600069e-01
2.884471253162728122e-01 2.019025670919276094e-01
2.662464905469385038e-02 6.283930741579375756e-02
5.203562922459342710e-02 2.964904515575090826e-01
1.995089824536459833e-01 7.067470289247519688e-02
1.229988932672855251e-01 6.874219374987670939e-02
8.395854382402800908e-02 1.489875027544845520e-01
