9.675597877805290625e-02 2.772167849196160994e-01
8.271443965552559285e-02 1.929870729652341244e-01
2.651646510689238401e-01 2.570525661711740573e-01
1.435830892068890585e-01 1.961679668775133945e-01
5.765023985450463267e-02 1.960464483437151517e-01
1.191750975077545717e-02 1.173757828018389023e-02
5.998044746189695742e-02 1.778181858452091424e-01
2.222182250528693392e-01 1.168354123996688670e-01
9.120161753876454558e-02 2.606734715524360868e-01
4.569166553862101521e-02 2.424803942158246239e-01
2.776849860520931856e-01 1.496754534378797186e-01
3.722436601223944042e-02 1.480005352026043941e-01
2.288595774185896992e-01 1.008946433034746959e-01
1.790334365343430323e-01 1.246537198647298672e-01
2.170660795907553842e-01 1.728110813569180143e-02
2.610521722183843929e-01 1.521371730381234355e-01
2.513402146192545913e-02 3.673236309772551916e-02
1.378694436652754818e-01 6.160374073520909904e-02
9.509911124738421040e-02 2.138947000999543435e-01
2.648438676817852500e-01 2.732930717390698594e-01
2.401236337142920729e-01 2.176936115111831882e-01
1.568944667490206404e-02 2.892750408361848824e-01
1.999659353905588743e-01 1.932568693443681151e-01
2.410695045336929410e-01 1.919904497011596378e-01
2.133202990047937120e-01 3.729679845968719709e-02
1.302248845563698521e-01 2.565534479416395897e-01
2.594458360789209106e-01 1.898198232625968873e-01
1.824009244938439300e-01 2.218874414259898106e-02
1.309360368898644100e-01 7.425122963362414119e-02
2.065217204402344520e-01 1.420189142470851540e-01
2.703316290661067489e-01 2.788664346345398615e-02
1.167080463635916526e-01 2.849846447062729937e-01
2.959862004910494837e-02 7.474005832279331796e-02
2.998778740187056924e-01 1.280231708078790331e-01
7.735843040757893474e-02 1.520754605492899147e-01
1.837895078126193515e-01 2.106117235846211022e-01
1.439925184699405725e-01 9.153118366639600642e-03
1.472566451075426608e-01 2.207670921222692484e-01
2.418004746128349369e-01 1.417671611582586588e-01
2.764159546592593886e-01 9.886186927709697536e-02
5.588141200411330528e-02 1.001705312826677435e-01
1.132556971119200694e-02 2.126218154520821135e-01
2.764316027493263217e-01 1.896900837851070443e-01
1.330270175457557713e-01 2.649054371208470204e-02
2.350189465273634926e-01 4.679995887114252011e-03
1.303527027571716942e-02 1.299290553164578036e-04
9.888564768458632526e-02 2.421509194236945162e-01
2.247223583843559747e-01 6.081761238385543361e-02
2.252326467935158449e-01 2.309348975410049076e-01
4.347340180873784238e-02 2.108983646043142424e-01
