1.324756718663315513e-01 7.178411486093556892e-02
5.147963067258957276e-02 1.843660296670414020e-02
2.865494281253428976e-01 1.767399753363160103e-02
2.817410854890827210e-01 2.814635759506443069e-01
2.223141663470574181e-01 2.899377418697625663e-01
6.429038098631703613e-02 2.769284440708473238e-01
2.845104553104043088e-01 1.820120440197411094e-01
5.591066702251842185e-02 2.375588651630577974e-01
1.553025891966593186e-01 2.684338380240040012e-01
6.420029942959563918e-02 1.111851615659421033e-01
2.780970892623504942e-01 1.567403166871933484e-01
1.182437145057402229e-03 2.002175599046955023e-01
2.489472303077929771e-01 2.762469492755919021e-01
2.041072594650306105e-01 1.581652807730073995e-01
2.621197768881467494e-01 4.148644194459785023e-02
6.870520870636272204e-02 8.618379596141852172e-02
1.918374669220645479e-01 1.396723164502725878e-01
1.345946606015944735e-01 1.448350353716539030e-01
2.548648103554178035e-01 4.417534954369178868e-02
2.455555826902886540e-01 2.709605506219510684e-01
1.872868265001488841e-01 1.286238170074895382e-01
1.864847094027943623e-03 8.573665842439545659e-02
5.129686182688457385e-02 2.200850695447252869e-01
1.559714558713859722e-01 1.470051912666017480e-01
1.398444150587972168e-01 2.511040267268706550e-01
8.540562097802108232e-02 1.127301732849567556e-01
1.690450871239948527e-01 4.535544462481866379e-02
8.352596990697026824e-02 2.711041118697365970e-01
1.446480202173119345e-01 1.243896413509126830e-01
1.279433594324695944e-01 1.103897688491156243e-01
2.339302953086379033e-01 1.553994539702506783e-01
2.472905495394908115e-01 2.795388409607525437e-01
6.884563684864306032e-02 1.748564213200810291e-01
1.188379228875593441e-01 5.928043029868134903e-03
2.694660412316298159e-01 8.986750384076271081e-02
4.176556361537812900e-02 2.052655888129431838e-01
2.225544457135109899e-01 2.117513218566187128e-01
1.029191603464921639e-01 7.877860794478604156e-02
1.312610051083732132e-01 1.586364259855561898e-01
5.772829628174902528e-02 2.806246521487550383e-01
1.550548717526808729e-01 1.164697566336317658e-01
5.223672014099221828e-02 2.344186225019264380e-01
2.737973911518115089e-01 6.121566549257223544e-02
2.771797724341604763e-01 5.783167016455617593e-02
8.385671640694548901e-02 1.034222409779221585e-01
2.374213356787293339e-01 1.222081897873676382e-01
2.794099542061623254e-01 1.592255822240246921e-01
1.332511740866993699e-01 4.223279928793292892e-02
6.099124797720655022e-02 8.733728770065021796e-02
2.578087159377672744e-01 3.692225039820377919e-02
