1.483595941174924993e-01 1.596165472413902664e-01
2.643164245183397543e-01 1.816460709072945101e-01
1.178435064189897784e-03 2.654258386149422333e-01
5.146255084404625230e-02 2.136934206929445024e-01
1.822011591419188670e-01 6.588932460522935186e-02
1.412362246796537435e-01 1.415203795655954611e-01
9.392968124024282661e-02 1.948011199548757844e-01
2.508524414855828888e-01 1.592254330803591703e-02
2.458865506594219985e-01 8.293548080080552498e-02
7.328608933510637191e-02 2.285487275513048144e-01
2.980908028989519010e-01 2.463400896067342305e-01
4.325836946318173566e-03 2.402595605666247303e-01
8.060874086356102641e-02 2.842776503432224988e-01
2.259479778787032156e-01 1.451934961781840838e-01
7.358625156279851622e-03 2.438295884881837017e-01
2.293333219710774751e-02 2.318642290787447935e-01
1.752096087252761336e-01 1.529246596927251456e-01
2.768603983087603582e-01 1.274017268962883420e-01
9.864080712417615249e-02 2.099605651652111937e-01
7.635570624402297779e-02 2.268326596612997570e-01
2.027976472507902195e-01 3.570403023219410193e-02
2.349901986725644321e-02 1.116322387048109543e-01
2.526235041408634863e-01 2.343628933304497865e-03
2.029953680765852753e-01 1.276206817619218170e-01
1.987119188927729818e-01 2.219127137453228149e-01
2.093007376552103171e-01 2.742967144697952553e-01
2.694435553420408413e-01 8.145038377223827453e-02
2.098960132239132692e-01 1.415989925051839571e-01
6.129523921463497782e-02 2.400913377759956724e-01
2.377223334830207424e-01 4.411827407515955812e-02
1.936109380740100583e-01 2.017609672654796238e-01
1.278100090713163717e-01 1.290694900503533936e-02
2.478678633901813255e-01 2.427465873786415762e-01
1.670791565996450623e-01 4.451587109420326177e-02
1.568807346068714081e-01 2.704458611016359870e-01
1.472330980739198769e-01 1.635537092916395652e-01
2.833374325258318227e-01 2.557854472993900119e-01
2.805785177913654449e-01 1.322615232813203756e-01
2.303043143465708653e-01 1.253172836039778693e-01
1.755975527592438246e-01 2.778380935915587546e-01
1.337864427505478480e-02 1.876881422229089158e-01
1.385083064749048076e-01 2.254858232870648755e-03
1.102066625627551449e-01 4.887004748293406059e-02
2.707465052892789048e-01 9.209027195058902548e-02
1.460482880500680869e-01 6.832823462830367456e-02
2.181667932053309167e-01 1.175120520408549085e-01
1.922232911584081105e-01 2.856539765657103991e-01
2.535952938544649427e-01 9.192886365042815533e-02
1.227477006148125077e-01 2.812886201626071947e-01
6.918279989026540622e-02 1.860103909711190509e-02
