1.361240563368570911e-01 1.117675892227276285e-01
1.264766109698235996e-01 1.262557091174800472e-01
1.612306577700611809e-01 1.767445881035884236e-01
1.045686859995790391e-01 7.623018281580253019e-02
1.661703726495650790e-01 2.738874632094887365e-02
1.097387745811208293e-01 3.127550432020441418e-02
2.447918774894761174e-01 6.914949275848149279e-02
1.896777637104937048e-02 1.050459173341215108e-01
3.632853280587090145e-02 2.083378553207016759e-01
2.743956196065618358e-01 1.041402969307592269e-01
8.588918775988886589e-02 1.890096741568174643e-01
1.794582279604600428e-01 5.905429224156449886e-02
1.487878582665847493e-01 1.108462987396385824e-02
2.103714513365888550e-01 2.220652006615762286e-01
1.107293377574248422e-01 2.302339029001715387e-02
7.352251622364573691e-02 3.853983435398777640e-04
1.745306993746235935e-01 5.461689423381548003e-02
1.971484133806896966e-01 1.920993984005250621e-01
1.756160941698921285e-01 2.112763572060474132e-02
1.874897837556238622e-01 2.369733833821689450e-01
1.500331402495871935e-01 2.444375429749337802e-01
1.758011333608448523e-01 1.613747647076842762e-01
2.992120330578218468e-01 1.562682655490967021e-01
2.257029334510566865e-01 2.984007096190871011e-01
1.019051927115409290e-01 6.872474364883096772e-03
1.270087289829624532e-03 2.946652952610215870e-01
1.574350457435773620e-01 2.960455067075497548e-01
2.562471546709073622e-01 1.518094821236792014e-01
1.338659462765342256e-01 7.255273410927731703e-02
2.967495390474292338e-01 8.128719428843322881e-02
1.626846420315602726e-01 1.881991778893143952e-01
2.426721716345737190e-01 8.211473796489462962e-02
7.774413803177026606e-03 1.461680151084030210e-01
7.834727709326401446e-02 1.584799435438941362e-01
2.199603729766742843e-01 1.123845826214644496e-02
1.781816920001752791e-01 2.349143881069199191e-01
9.112322619402675461e-02 5.850089773661310000e-02
1.372140248233761906e-01 2.007929843975498896e-01
2.661330441277766634e-01 1.891288041458176819e-02
2.060505659571388315e-01 1.337836980973294799e-03
1.977501729597625768e-01 2.332575790198125887e-01
2.188780415365473159e-02 1.218763002083948499e-01
2.388772087754844620e-01 4.988915839964249560e-02
2.992882452194094156e-02 1.987218586463711800e-01
7.644048170232639605e-02 8.148821667326845708e-02
2.398564107160587600e-01 1.916576870080081985e-01
9.087859635009457038e-02 5.397403037771385248e-02
2.834981019892351406e-01 7.763284149369098497e-02
7.113386855241117523e-02 2.873252005906027917e-01
1.305016354999061490e-01 4.404634045821603783e-02
