1.147091580430620872e-01 1.605766452540988154e-01
1.334057175562885222e-01 2.070962119174735161e-02
3.816795060736226375e-02 7.584804041200339519e-02
1.685153724048090995e-01 2.564255138962829306e-01
6.183995920654996453e-02 1.041766016022727809e-01
9.576046465612125802e-02 2.892798690183256416e-01
4.169524940926254419e-02 1.820239174964486117e-01
2.327540986729060776e-02 2.113413312232319610e-02
2.561137906100157124e-01 2.310301262184860649e-01
1.407960171125794968e-01 2.772319343880359499e-01
5.512777766592908552e-02 7.759707904279795898e-02
7.993017741481422966e-03 5.380485407627570021e-02
2.446547670859030021e-01 2.317419723798168074e-01
1.347311478232567084e-01 2.339709665179809384e-01
1.063366260073627251e-01 2.593681145693825241e-01
3.724205592418598776e-02 1.533426013310386082e-01
1.437150020188107391e-01 2.137990685985014239e-01
6.819539455925072331e-03 2.587629505570651078e-01
1.722988894264876614e-01 2.698559254620986336e-01
5.958646814885674992e-02 6.607963292343760342e-02
2.488830470868690081e-01 1.109821057735343452e-01
2.317978665778457070e-01 2.483220253969384839e-01
2.935883567944997385e-01 1.218691263698487709e-01
2.110220828256079428e-01 3.354598554384800174e-02
9.854140171487048294e-02 2.582700144526077768e-01
1.536242995026802782e-01 2.295884593681752905e-01
5.633323225990971572e-02 2.830924463905958310e-01
2.079453364572861618e-01 2.190064766023216980e-01
2.671624147056361753e-01 2.581296459128898380e-01
1.722459608689315413e-01 7.115837404450164189e-03
2.596568888873506120e-01 1.724341432341586766e-01
4.044363089456848304e-02 2.080521632136051180e-01
1.017726846124852348e-02 2.053944399872204840e-01
1.424033961250688596e-01 1.938734008656431765e-02
1.635426289079746909e-01 7.750893435993959357e-02
2.463372440748206604e-01 1.282113407378117909e-01
1.385318085741559513e-01 1.180283090767188237e-01
2.763669595048190430e-02 2.493630298218061092e-01
2.933526860259233482e-02 3.150670543527153006e-02
8.741105700223350539e-02 2.411861122308645577e-01
2.134697364364890604e-01 7.217646691133867975e-02
2.576339434767822012e-01 2.261025891178654323e-01
2.241302891490263016e-01 1.299987628080526147e-01
1.587019969377050088e-01 2.528987922561016788e-01
1.712685808654534347e-01 3.567372521887977183e-02
9.418062014124846393e-02 5.259699536531207975e-02
2.362358784585508742e-01 8.487165517573324117e-03
1.585951737161024611e-01 1.542282774817245738e-01
2.378319121530404201e-01 1.563176361393306749e-02
1.618328800267943290e-01 2.341108496971953112e-01
