2.749940347774603722e-01 2.357342608228394920e-01
7.114672662193338715e-02 1.612836092667529753e-01
2.768887100815435875e-01 4.530769129921935479e-02
1.687863411460210350e-01 1.974625909180664496e-01
1.782278370120702893e-01 1.147906656225581856e-01
6.466585052221622554e-02 1.128571846923143033e-03
2.023153650464437070e-01 2.760719637638689994e-01
2.534193691135830928e-01 5.590158627720626106e-02
2.359568651227523517e-01 1.866735131605408438e-01
2.938780941407979908e-02 2.323515523335577607e-02
2.139230277421453885e-01 1.964428846590251798e-01
2.397421353453687010e-01 9.114693678673690264e-03
7.772981649936806792e-02 6.404393277016609543e-02
9.112280292918893687e-02 2.453925795153702460e-01
2.805954476643109929e-01 7.828881918635793857e-02
1.938978145934753816e-01 1.811490139862473869e-01
2.560909139536396428e-01 3.598881253800952779e-02
2.780462811020638636e-01 1.266589743324876560e-01
6.078712771744619603e-02 1.847727845091708121e-01
1.787850646619712214e-01 2.949153864700392313e-01
1.065820678357333878e-01 1.299485438623573519e-01
4.086277739394526126e-02 2.318134443439416048e-01
1.377419779038372705e-01 6.648944213128883673e-02
3.194356886135848311e-02 2.174976336043322744e-01
2.549773843554471453e-01 1.295410753655876213e-01
1.576127625112051234e-01 1.231553256520696027e-01
1.462422332587549612e-01 2.777134465857387102e-01
1.961769489372058306e-01 2.642018686854656906e-01
1.754395485275067612e-01 1.310243947806696285e-01
1.012760057233262796e-02 2.889340018062818150e-01
2.989775336641546655e-02 1.473862412240169173e-01
1.007379368500539024e-01 2.074254412187666874e-01
9.265515698417081669e-02 2.302671952368756658e-02
2.256006770151824936e-01 3.943025649041759229e-02
5.112224394159879670e-02 3.035311158355500152e-02
2.811919417039239130e-02 2.519893837803411363e-01
2.454604513041357683e-01 2.530089740639863694e-01
5.929671712434883557e-02 1.545193135582722255e-01
5.404465454940141772e-02 1.823025801281679126e-01
1.032515353869747493e-01 4.936680147271346047e-02
3.036365558615813226e-02 3.423341761381370812e-04
1.660748291587714476e-01 2.705630120909994774e-01
1.522745127383803021e-01 2.621347909183554536e-01
2.004855843119044134e-01 2.385893426463117362e-01
2.864085499762821230e-01 8.947642704581068585e-02
1.155047205337885879e-01 3.798319411385085720e-02
2.784612638660608278e-02 1.976764722728306667e-01
1.053915591107090904e-01 1.073827672913683501e-01
1.339232009837639237e-01 1.818630361320559274e-01
6.890055137695645648e-02 2.575888617661575286e-01
