7.448057216031324368e-02 1.191665873645145618e-01
2.968730409216868704e-02 1.714885514472343775e-01
1.862923914889746124e-01 5.862225068872532752e-02
1.857742658159708682e-01 4.612849323490362391e-02
3.113095107705278128e-02 1.399828906393258965e-01
6.924218919645824810e-02 1.826955901737777332e-01
7.471391765007175112e-02 1.469514847157411819e-01
2.345461811438905864e-01 2.675670473168784702e-01
2.063056649858384939e-01 2.604087278299239139e-01
6.616958652497997861e-02 4.558159183350974503e-02
1.053496147781003422e-01 8.234442282845606809e-02
1.587611084987561871e-01 1.031106490025107680e-01
2.719969878127363461e-01 2.625271533406658975e-01
2.289669112759725456e-01 4.094462689535403876e-02
2.838123286785254520e-03 1.785164824770974976e-02
1.882541038072083894e-01 1.459750055250428891e-01
1.037717730478098926e-01 2.997214409589913919e-01
1.155665777343881616e-02 7.575970077637696198e-02
2.224584319574430813e-01 1.198636578376909186e-02
6.725921742745025189e-02 3.493804806789749945e-02
1.054807285417043716e-01 1.006404710160295202e-01
2.173014619911489975e-01 8.221107427168784787e-02
2.034101086043785533e-01 2.048675369074213215e-01
1.840172560408991353e-01 1.825780895920199251e-02
1.550352648550420709e-01 1.783375392882202426e-01
9.932900923531222392e-02 9.625810324411029906e-02
2.567904851059245597e-01 1.182116525190476941e-01
2.064744282396804853e-01 1.844614917109611563e-01
2.653206119279958308e-01 2.100859354211370156e-01
8.889378111578161157e-02 2.062689533927927477e-01
1.947090368469766852e-01 2.305234394307005830e-01
4.406110571126592435e-02 1.368675758706951184e-01
1.851346567745844052e-01 9.257913480209410684e-02
1.320655274001531487e-01 2.336242126699248634e-01
1.104747128761090630e-01 2.919201593750448409e-01
1.418969724014022271e-01 2.687194537673448513e-01
2.925404251269311806e-01 8.084080273006177819e-02
6.616394148436266151e-03 2.772732127428390592e-01
6.869557678408817758e-02 2.734284865745515436e-01
2.113106848716828079e-01 2.378708481732818431e-02
1.366276954668276811e-01 1.348842077724524691e-01
5.655342621744482295e-02 4.010207284374156522e-02
2.045275021182439146e-01 1.566019670406833958e-02
9.854687109677802426e-02 8.931334262958591508e-02
1.519504586635029575e-01 1.250892485356817907e-01
1.933485723176603110e-01 2.512874046242863368e-01
5.413537104531879890e-02 1.490284248556672797e-01
3.904965398665638521e-03 4.680708425486463514e-02
7.651368609339011251e-02 2.290254497837921621e-01
1.518713537424140614e-01 2.070018359313910150e-01
