1.758705568243804362e-01 1.185007823527232072e-02
1.512226563116677858e-01 1.672017572999137391e-01
2.719093657666935560e-01 2.730865216370733095e-01
1.526990138452569666e-02 2.904681757286785015e-01
4.598648513880710005e-03 9.357007727243060735e-02
8.185668269381989048e-02 2.645785690903909027e-01
1.082277111158625738e-01 1.975813464925691987e-01
6.575968243118331114e-02 4.824832385392890943e-02
1.556069382103959509e-01 3.095710362821404299e-02
4.157748333290712389e-02 2.314968977775862524e-01
1.094276063625414658e-01 3.335778823036671115e-02
2.876205061450412895e-02 4.108037842445011467e-03
2.281202988320028546e-01 2.070910473924912065e-01
2.776559901485624038e-01 6.520221301810077974e-02
2.713155260347636100e-01 1.332849735631000954e-01
1.060030566966212312e-01 1.699484791892954816e-01
4.435504736335231513e-02 1.618051208893613729e-02
1.476170934074817198e-01 6.441666579297065931e-02
1.393582922930182988e-01 9.597583354096757280e-02
7.110528931305704070e-02 1.544984623572125959e-01
2.710443695700388497e-02 2.127016302203439124e-01
2.680059589844186463e-01 1.750458425052461020e-01
2.002039339478424718e-01 2.192618916645542593e-01
6.884298110065700804e-02 2.764708328231768042e-01
1.291164106775036756e-02 8.292852781072976298e-02
1.916923241444520309e-01 1.413902613764049243e-01
1.048127997758047381e-01 1.222375971951991241e-01
2.847465725256080882e-01 2.458116657144988615e-01
1.134022676319955680e-01 2.621260917584555816e-02
7.612409706483889982e-02 7.155523353531056951e-02
3.529412932758550780e-02 1.467453820333234314e-02
1.987630238973633612e-01 2.720831202704246388e-01
2.089910876058664047e-01 1.238844728852474264e-01
4.190388066092002456e-02 3.077324338722253576e-03
2.513138724255767342e-01 2.977834557740329791e-01
9.895181002638279988e-02 7.168314206529790948e-03
2.212249161271170050e-01 2.827370436823493649e-01
2.416422203481885869e-02 1.867040316675668693e-02
2.436341748837772825e-01 2.410027688974706317e-01
1.112959094252388148e-01 2.174069131991830384e-01
1.194073368840724465e-02 3.866496737063585681e-02
7.161100810876949718e-02 2.684806870961738978e-01
1.429796839705080591e-01 9.948694365584163923e-02
2.133553085032281402e-02 1.327978466520322587e-01
2.305108002057612571e-01 8.409089411892559096e-02
2.581888529324217196e-01 8.818866939287339779e-02
2.624147989894437538e-01 2.221637143213683885e-02
1.056810896217921097e-01 1.841502751716853625e-01
1.108411983888231284e-01 1.107396292673167026e-01
1.187948941198462179e-02 5.655183480959345699e-02
