1.445359902110177341e-01 2.647855062992110486e-01
1.917789276165166035e-01 1.334270081858110746e-01
1.020059290567333632e-01 2.975577465753406758e-01
1.897690488581219859e-01 2.540457806479668457e-01
2.084343618740195914e-01 3.840526950239609577e-02
2.006672456700692164e-01 2.299995885532103990e-01
5.964411563734531296e-02 7.627906196531236693e-02
2.606349410192256855e-01 1.997200725380417485e-01
2.604500968210513578e-01 1.600308114637060963e-01
3.635820344827726813e-02 4.713117161983375325e-02
7.721917781250632606e-02 2.307070365586953997e-01
2.463519205889884711e-01 2.067731688335601170e-01
2.255371677961654497e-01 9.394538328194246279e-02
2.940980299182138769e-01 9.103954367809592718e-02
7.952151650333917632e-02 2.665352581018803901e-02
1.036357806964373351e-01 8.163101006624796929e-02
8.615145286786984186e-03 1.812989410466997187e-01
5.602247844104658175e-02 7.441043139017870789e-02
5.999532039649702053e-02 2.564501603422971732e-01
1.937588297824585637e-01 6.869824674003191523e-02
2.518506700146116994e-01 1.411517332168079897e-01
2.821622221443877421e-01 1.407890480153288493e-01
5.089552295330594667e-02 2.623216772613798375e-01
2.222727836711633487e-01 1.960119779312069210e-01
1.971498158800621958e-01 2.500819940735021230e-01
1.564145647544055995e-01 2.398269004253921199e-01
1.449585997971576390e-01 2.275440957664611186e-01
3.267613818874282039e-02 2.926153733265444701e-01
2.230278129383138908e-01 1.101226263188952864e-01
2.732082165359181469e-01 1.299450874746495010e-01
2.538501426179619602e-01 2.150810478265616568e-02
6.372845065025513345e-02 1.412640038879646454e-01
2.363281741126364577e-01 2.793354411032195062e-01
1.663214450015652046e-01 1.969616698728463566e-01
2.071417976579714160e-01 2.935215073970308119e-01
2.413062017137302950e-01 1.590280623287515238e-01
1.192612649147855586e-01 2.660389162125059714e-01
7.300619724667431476e-02 6.696646132932267126e-02
2.290532374821132311e-01 8.616149410073004056e-02
1.255031739148856074e-01 1.182297480724169014e-01
2.420925831392603256e-01 1.806530139158257220e-01
1.985409189116593975e-01 5.190585535796556765e-02
8.637600219121399636e-02 6.350905436985100627e-02
1.661446919191235660e-01 2.546959890723457520e-01
2.662672669548910021e-01 2.171292455606752825e-01
5.583228097514677385e-02 1.782084130774936603e-01
1.520176267267167869e-01 2.393715304682621225e-01
2.803694355720567910e-01 2.959988231829227545e-01
2.144224874531705238e-01 1.116484224531574393e-01
2.766569700538965559e-01 1.390103076190599661e-02
