9.266855226291839664e-02 1.972813955799030128e-01
8.516329755483853514e-02 1.322425639170879685e-01
1.221452647104123573e-01 1.007630883077370726e-01
1.988778910031820946e-01 3.224679726594551626e-02
2.697156234186451340e-01 2.695083996950199956e-01
8.139821602084465479e-02 2.720399771091839836e-01
8.150278483371610483e-02 1.439427390127243633e-01
1.155885961717908056e-01 1.222179057516284417e-01
3.683898770994668836e-02 7.340951882367402481e-02
2.871018802089211897e-01 2.865800534653933362e-01
2.991720657265429240e-01 2.309214582180962871e-01
9.295565143976261546e-02 2.720953783753110033e-01
9.533922947225760558e-02 1.014419921762407528e-01
1.375077679137244255e-02 1.425762063878651398e-01
2.798334563977319944e-01 1.299536406667255728e-01
6.960727187390236548e-02 1.703742970546506807e-01
7.232046086662136108e-02 2.600780313783541131e-01
2.134028495479926846e-01 1.243202672417387661e-01
1.054142907347124375e-01 1.064522181261229467e-01
2.012233138691690293e-01 1.222964524861473723e-01
1.389642727007547873e-01 9.492909311279443263e-02
2.724004472456154069e-01 1.492129324625305620e-01
7.192481106747593972e-03 1.465881328975501552e-01
2.818882656871222192e-01 1.760634995776471368e-01
2.989115561089504824e-01 2.291198813535787748e-01
2.210217096434707318e-01 2.772822800587840253e-01
2.099252706420786929e-01 2.374922234515086106e-01
9.389752670817846925e-02 2.369937537124694182e-01
6.998456529781303670e-02 2.386939274430369962e-01
1.555803148569355650e-02 8.937457023439783488e-02
2.826153965095099529e-01 2.762193187970414798e-01
2.176729273644233478e-02 9.630127356525930785e-03
2.638422148483453578e-01 1.414149404429488888e-01
1.272243054649686289e-01 2.468806323097480493e-01
1.263443907449887937e-01 2.738668617899346347e-01
2.802749684150399601e-01 9.498533935709828346e-02
2.107554701406745556e-01 1.856721420909282216e-01
1.919368633432424337e-02 4.419405984683780902e-02
2.828751750890425298e-01 9.099978720569115720e-02
1.378025459696394228e-01 5.680086830347645666e-02
1.838316506226308766e-01 8.238546618797730481e-02
4.241974917643766968e-02 1.580778179564484298e-01
2.337731540521446882e-01 2.129751640058787643e-01
2.886943023999866131e-01 1.208507967001984894e-02
1.629957833790077470e-01 2.567169288740307476e-01
5.260136246902443607e-02 2.055560505417577677e-01
1.533254032581291559e-01 9.900185975604901267e-02
3.672073161141586883e-02 2.505316060039007864e-01
1.111107930560133739e-01 1.324378613922425896e-01
2.886912776287027804e-01 1.925634624848681642e-01
