1.942634523912738220e-01 1.278724948204052192e-01
2.805344693272942003e-01 2.363538015752474075e-01
1.921809048710357015e-01 8.004608660394042785e-02
1.326112794325740030e-01 5.010364420230599414e-02
1.263773765812461758e-01 2.383995003727965301e-01
2.051378188051371232e-01 1.871492375445630019e-01
1.995670255594421405e-01 1.170428971965121190e-01
1.425368490156339318e-01 2.007257627674765565e-01
6.564964401330354582e-02 7.759312215924631106e-02
7.365368046045041306e-02 1.180560523608569085e-01
1.553214476789141207e-01 5.372688416579746162e-02
2.978680052975355430e-01 2.577057782155124377e-01
3.399092412986991218e-02 6.373374779790869082e-02
5.403998735812053089e-02 2.098436287336548633e-01
1.919702097427772869e-01 6.411972864777977510e-02
2.407801867933545004e-01 7.854733625148947740e-02
1.377344109902391422e-01 1.136449305319540137e-01
6.229550302523053501e-02 2.720086948845693575e-01
1.638338681839723587e-01 1.207592553910333266e-01
1.074405295447429104e-01 1.450769855945987230e-01
2.428589141469218449e-01 5.222068206046735078e-02
1.669658865786756430e-01 2.281353898014015780e-02
8.805280631613976797e-03 1.131816791082583540e-01
2.477867208323702164e-01 2.807037069227417692e-01
7.148534550534228760e-02 1.152555542887385640e-02
1.495873139034021304e-01 1.273697137448405181e-01
1.242271487409936648e-01 2.073293760600141700e-01
2.227448882858448498e-01 5.065260220965673438e-02
2.551874085338836085e-01 2.270128621923802603e-01
9.935949623183072676e-02 1.294274786238905073e-01
3.967549478206711111e-02 2.389980715052176519e-01
3.355970764842828441e-02 1.840001394493683551e-01
1.977013307416092824e-01 2.019386564734234057e-01
6.376239914988653112e-02 1.228169058141005549e-01
1.802142133292329029e-01 2.604978373965374239e-01
1.706497603456793299e-01 2.163629581104253852e-01
2.044474905748716598e-01 1.170349414353897277e-01
1.801023155651040319e-01 2.504378029176986820e-01
2.807340763488856417e-01 1.947764579260367335e-01
1.198203060052203811e-01 2.470326163656491880e-01
2.353720848552114386e-01 2.183121091969735528e-01
2.360126926995970154e-01 2.106730567892857731e-01
1.022876181032934123e-01 1.288049888141071520e-01
1.404532586503069447e-01 2.109517148134863740e-01
1.275572287295897167e-01 1.591876509801825323e-01
7.726821729405621009e-02 2.223246437468532621e-01
7.643903868968651705e-02 2.798982144498120966e-02
2.278362544666380149e-02 6.899454438686447588e-03
2.242743155083208595e-01 2.047791506715403720e-01
1.090896098346871715e-03 1.159664847789677183e-01
