3.027340912932077049e-02 2.362901819116530744e-01
1.271093530061920829e-01 3.551735201114895879e-02
3.124454131542050289e-02 2.826876923667775432e-01
2.294641061981566310e-01 1.354329799650239863e-01
7.757974087216258641e-02 1.851942283917419885e-01
2.172388870851305609e-01 2.806681601012269711e-01
4.302421739638531001e-02 3.742652716891676362e-02
2.597974581247624037e-01 1.493768123392890113e-01
2.504047902068638476e-01 9.645458627521263928e-02
1.779376457974775338e-01 1.185238093857830799e-01
1.034536318011438499e-01 2.847748464652506972e-01
1.522993694299585865e-01 2.808302385566461834e-01
1.782318206759211376e-01 2.011140790325040006e-01
2.423490945416525988e-01 2.473160776403032779e-01
1.552103884646859333e-01 6.508986417184489670e-02
1.052808559939213441e-02 1.192294922127389162e-01
1.461507251837708965e-01 1.201560584779750585e-01
1.646300668049909266e-01 1.881226296136427611e-01
4.083483782858286781e-02 9.518688740162283002e-02
2.651630076591053320e-01 2.061959838482403384e-01
2.959948504519203660e-01 2.728520662864191704e-01
1.769098690705351862e-01 7.592583246661427365e-02
4.412438376880110230e-02 1.224182855172448736e-01
1.112280105006800135e-01 2.658942348135228118e-01
1.535004294819850290e-01 9.046428149732912982e-02
2.976808887432962347e-01 2.551704317533583927e-02
2.297937695327089413e-01 2.885515639774797192e-01
1.310672677352431592e-01 1.339633747948548725e-02
8.428091039075155666e-02 1.749356961725947734e-01
1.023603098195322164e-01 5.576537395758224963e-02
1.550705628832652894e-01 1.336172951805065789e-01
1.169707097734788877e-02 9.254336778777365324e-02
1.309598632721425959e-01 1.220795786206738398e-01
2.832675163919889383e-01 8.655660117743599336e-02
2.931205452509288989e-01 2.647261073797527731e-01
1.243266126079238809e-01 2.067189211143763417e-01
2.434653331264680087e-02 2.846381239156362541e-01
1.961642196922024073e-01 2.913808303804024669e-01
1.572389814155735199e-01 1.992334584365998973e-01
2.758453024574264445e-01 6.725734699298926977e-02
1.507363718146588760e-01 2.524108045049144877e-01
2.722326876377096916e-01 1.217589545033202492e-01
2.111638003025682331e-01 1.932749137347150037e-01
1.985986749941452689e-01 2.330067942239777978e-01
1.813634700453073956e-01 2.762765976520712985e-01
1.190284334632022989e-01 2.370844229837242578e-01
1.528260295701951710e-01 2.010185708213814981e-01
1.032770928417714035e-01 1.245425367394457639e-01
3.932303693578798054e-02 1.635031045226530977e-01
1.581899842656725175e-01 7.407815098567251122e-02
