1.404885335139571534e-01 2.152154207429298610e-02
2.502083541169060066e-01 2.801958427943705976e-01
6.906512203124359414e-03 1.970186005191679190e-01
3.432538443230320757e-02 7.761967704496762488e-02
3.007096087512228701e-03 1.538406609612298637e-01
2.687735877368956361e-01 4.692875561427602843e-02
6.707844694381871753e-02 2.862341311346814909e-01
1.770666444243995663e-02 1.881212253024841241e-01
9.910117681531104006e-02 1.603995671362037356e-01
1.287197064564158944e-01 1.100392942995463870e-02
9.277845595467833217e-02 2.974742129512242261e-02
2.482438605996875880e-01 2.406663534867835852e-01
8.650830216332454359e-02 2.164215334110899114e-01
1.019390260691573208e-01 1.233721447444856012e-01
6.593244490256293389e-02 4.743760306803955495e-02
5.203306961108544737e-02 9.879691251114986351e-04
9.860404396106447686e-03 9.558129665323594759e-02
3.642096431475996127e-02 1.011556300875542103e-01
3.368726910638993738e-02 2.655872382052587022e-01
1.530552434316921340e-01 3.085811430494249386e-02
6.930927568417680207e-02 6.739407678254838441e-02
2.649895428370736550e-01 2.404187278227094826e-01
1.819087947834375496e-01 1.972201225897762533e-01
1.346327924752948602e-01 9.490685536633317043e-02
2.689024072280213340e-01 1.184652301006515751e-01
2.321504188908756761e-01 1.039476233636444924e-01
5.257928459818691364e-02 2.812012023704776875e-01
6.024984078521426756e-02 1.580099874443537944e-01
1.257544189530303558e-01 1.595854681523785068e-01
1.348722918317683539e-01 7.847471252928202301e-02
1.163110295555693091e-01 1.564791773601219294e-01
1.942295274211392753e-01 2.709559608849114731e-01
9.166801280901039350e-02 2.508926015003091203e-01
4.166693901462473898e-02 1.842107739419955592e-01
2.487735883965977446e-01 1.643252199753139076e-01
2.532113462640769308e-01 2.577698927409466934e-01
1.751967701733476435e-01 1.825946629435738766e-01
7.908300364976215968e-02 1.461787955118471760e-01
1.746931230998473999e-02 8.762213010770522614e-02
2.710397647592290848e-01 8.996628037786337517e-02
1.156269678156068431e-01 2.949629505582155309e-01
9.163109623175832996e-02 2.919097659003826450e-01
1.165654516552788178e-01 1.028845302099365422e-01
7.097144822270516629e-02 4.888022922782796209e-02
3.909987450645260182e-02 4.230618357369812094e-02
4.181063835927256722e-03 2.023236821376429573e-01
6.987177580454674575e-02 1.562740193134019018e-01
1.547822263759141004e-01 1.273165589832508937e-02
3.310584192052078156e-02 2.337251336038650984e-01
8.678279296268039122e-02 1.652332800077944419e-01
