7.642612007913571204e-02 3.233414528569137497e-02
2.200987376830735587e-01 1.641710460919194592e-01
1.622868767225578435e-01 1.296679233531218001e-01
2.765545878582300054e-01 2.906758455414642506e-01
2.198201255454162728e-01 1.967974157496861498e-01
2.318992422093475378e-02 2.487060473724288234e-01
2.835931450926383324e-01 4.900704513322729633e-02
2.554344840353025559e-01 2.240574346699804320e-01
1.669613269336153033e-02 6.120091792987129853e-02
1.553433321728230065e-01 7.203030896810859451e-02
2.255368140103537200e-01 7.270840212244028544e-02
1.295223824100248666e-01 2.541627216019708979e-01
2.740794029841871482e-01 2.828682948246578066e-01
1.880741400596371710e-02 1.629830548146679881e-01
4.209889737536542942e-02 1.666956274342928368e-01
2.687181015833179851e-02 1.861474928003839235e-01
1.054862076223043871e-01 8.216280221194195710e-02
1.703628349576134515e-01 1.095058631302778390e-01
1.171118153195827016e-01 2.211470366269675247e-01
1.916505656635485513e-02 1.872923277389765551e-01
1.998181132320617226e-01 6.621959343840663759e-02
2.053145882697379465e-01 2.384228626907329909e-02
9.302363669143720159e-04 1.177120205369928396e-01
1.998151500527371727e-01 4.673467560293896594e-02
2.535452511464539663e-02 2.395239880687064504e-01
1.635441637762348743e-01 8.199864333109374570e-04
5.411434781179968491e-03 2.285477666818896414e-01
2.412278785670437242e-01 2.652354440389329340e-02
1.495036013516808926e-01 2.815434282481196065e-02
3.077322329536978651e-02 9.850595505948213371e-02
1.626890650666134308e-01 1.047179744629313791e-01
2.166658133484744564e-01 1.396428539397553681e-01
1.800679230475114578e-01 4.390196671564487035e-02
9.034701423815556798e-02 2.229721552343146285e-01
1.704541047549551491e-01 5.865729828536445090e-02
2.227804557003372488e-01 2.133778172198514123e-01
2.824853384005673318e-01 1.586550556446416071e-01
1.619726942924357982e-01 2.192564521033954494e-01
2.957551732596376826e-01 9.937430717017410597e-02
2.686187172866457140e-01 2.025211661060924775e-02
5.050573566203005876e-02 2.334351321886135588e-01
2.556358765425939539e-01 2.384254980058379547e-01
7.459598039909581813e-02 2.733910333929058800e-01
1.494241177571841994e-01 2.025124283915349654e-01
9.860412806714777267e-02 1.618705949985755066e-01
2.709680315630076386e-01 2.069887453774565678e-01
3.458485574391860495e-02 2.845130592148123472e-01
1.248699570823113281e-01 7.549814846597507900e-02
1.265551597322611688e-02 7.548513392849237613e-02
7.162203753544860163e-02 2.402045866258577522e-01
