1.252474410918173742e-01 2.501546697042696804e-02
1.325196481788580016e-01 2.914016832660579204e-01
5.729335392465268600e-02 1.130405118143194276e-01
8.350284412155289937e-02 2.062910665516637376e-01
5.293398264079365173e-02 1.886688194301411048e-01
1.047141699549748450e-01 7.933165055949899236e-02
1.029957039850181305e-01 3.032006670369915419e-02
2.836974718742413248e-01 5.537242481699495428e-02
2.840319179275134220e-01 1.691869195124696135e-01
1.317205749126417746e-01 1.397813834660383558e-01
8.353981416644128133e-02 1.014765088235024537e-01
2.971438314934999811e-02 1.606243491924619071e-01
1.847537423001967549e-01 9.602873472354693518e-02
1.991362607842828425e-01 1.908402347858579803e-02
1.857922386378528523e-01 2.618630919766455345e-01
1.761856640195299251e-01 1.828155587349489068e-03
1.267916469102124688e-01 2.031220223735226427e-01
2.491359992591352102e-01 3.982967508998208617e-02
2.846693505962607507e-01 2.171825742079032673e-01
2.716863267467168885e-01 8.379734798892301065e-03
1.574558088050087012e-01 4.263218191771606796e-02
2.737431737336518123e-01 1.512727096278767558e-01
8.569783164928077013e-02 1.185696313411050834e-01
7.512059132972113973e-02 2.869605857806270879e-02
5.493759589173401181e-02 2.718376159977444750e-01
3.982551064238848415e-02 1.558188740846383480e-02
2.348142418492107225e-02 1.497354823086168574e-01
1.567220303841685425e-01 1.682368461828379416e-02
1.471096166572115338e-01 2.575234444532645273e-01
2.906173539230318958e-01 6.440669723023974280e-02
1.189958456397953619e-02 2.194244336313996291e-01
5.151198787005484975e-02 2.197062891225770309e-01
2.638031366319952276e-01 2.995207716486512628e-01
1.802363652124580884e-01 9.166151320013472825e-02
1.795623454708804856e-01 2.625626252487675005e-01
1.431968867664887568e-01 2.701695249325553605e-01
2.143452382642982157e-01 2.370633971784486538e-01
3.660951796426153981e-02 2.922326888146539181e-01
3.206515177512203607e-02 8.437056800663422784e-02
1.683528595204283884e-01 1.218920927617043182e-01
3.651360384773647688e-02 1.014929883351905759e-01
2.051737912608347925e-01 3.249133667571642986e-02
2.961640402342519129e-01 1.977014959430269947e-01
9.724033102557293196e-02 8.230019207637830070e-02
1.258810855524961914e-01 3.742832265820061899e-03
1.330994474122623172e-01 2.656692169995200636e-01
2.137276341780619537e-02 2.843321632716345193e-01
2.166951269735947760e-01 2.529167506259114018e-01
1.745973516783844992e-01 8.428170314592089984e-02
1.440874429684593783e-01 1.988972126270456206e-02
