1.493699223847043678e-01 4.940084115907834167e-02
1.461600818208234065e-01 2.097005136119715618e-01
2.913728510602959787e-01 2.934251206970575065e-01
1.381738637609461473e-01 2.730192273687385152e-01
1.883883233958756620e-01 1.213761691627656125e-01
1.989110021589532984e-01 5.062431707150576166e-02
7.349580550408406354e-02 1.481178178741221763e-01
1.515985040651190718e-01 2.294591499345557256e-02
5.796510048099457087e-03 9.526304030281726454e-02
2.693890005675056987e-01 1.457522501573197127e-01
1.240191169784785885e-01 6.850104130236124578e-02
2.581892824332437386e-01 2.780213226783249114e-01
1.222933277196517204e-01 3.936663556174809647e-02
2.322348874661863544e-02 1.356413798793951186e-01
2.670846227664297468e-02 1.546320842276165675e-01
1.012473330059248527e-01 1.335070888940076694e-01
1.882697675838137380e-02 3.191886375668794018e-02
7.562739770046467136e-02 1.464188607384896146e-01
1.666614369517568084e-01 1.773087520880892720e-01
2.496855601826034332e-01 8.585540783763916106e-02
2.337881488423825815e-01 8.890103491495446320e-02
1.768004147298584405e-01 2.110662399473310080e-01
9.339733380984811817e-02 2.524299466637485723e-01
2.803331973103632135e-01 1.544874421774539708e-01
2.191925391582240923e-01 1.418283296117007763e-01
2.065710257130367322e-01 6.080925492708785796e-02
2.230291356328115149e-01 8.159984922093879711e-02
1.277184960420855130e-02 2.560376266647081955e-01
9.556616517213926965e-02 1.560038854099465768e-03
2.895413232577188634e-01 2.183188484417422082e-01
2.521648693344182290e-01 2.368125687178474492e-01
2.202979655366741063e-01 1.401696646065723195e-01
2.497821789573426710e-01 1.654206680526466022e-01
1.324391511091528584e-01 8.183233352577315434e-02
2.047457510786029611e-01 4.191400965031508857e-02
1.350076162053707451e-01 1.399710660285912456e-01
2.825149103225680358e-01 1.390598876937974571e-01
2.629303401757654424e-01 2.909409852308742495e-01
2.008470339374606728e-01 2.489759691311596301e-01
6.993042718094551191e-02 1.318876089213276981e-01
2.950096920610555118e-02 1.004539138970749895e-01
2.511442521985684517e-01 8.999497461018496347e-02
2.225596486879428959e-01 2.418547604553515085e-01
2.914776029953455305e-01 8.220564220775021524e-02
5.634412870228587555e-02 4.808469968849526759e-03
2.188839799239644945e-01 2.629684266735128895e-01
9.453661574490920816e-02 1.426487004444103868e-01
2.819194906719594274e-01 2.669652442170366013e-01
1.587133534626571085e-01 1.761946213443213796e-02
1.972277103120848585e-01 2.122513584240739992e-01
