1.923414837666582652e-02 7.534680320304150414e-02
2.971205887586538252e-01 1.848399725139476535e-01
4.882745936665944253e-02 2.237021092463267469e-01
1.452383505274227604e-01 2.150983062193634054e-01
2.102611053150204024e-01 1.653856699794619967e-01
8.902983221554684745e-02 2.495550393770862296e-01
2.229091562495568446e-01 7.054888317034992140e-02
2.378201937383049927e-02 9.947875435957162504e-02
1.697180116998186217e-01 5.925059086108286181e-03
2.143348002096474858e-01 2.518431224404725222e-01
4.808800117018093706e-02 1.115653777839232808e-01
2.468405003189536873e-01 1.149183016389079687e-01
2.063066615428313655e-01 1.971266343930117015e-01
1.418068087355937590e-01 2.169814398125546051e-01
2.658079351434020424e-02 1.384932080677913346e-01
2.945064526877184674e-01 1.807942158826588153e-01
6.317600311843597771e-02 1.854973863611219242e-01
2.275738401111971621e-01 1.944822688512874709e-01
5.548017967975482460e-03 8.290407330426541668e-03
2.146009409809729596e-01 1.075209486238646039e-01
5.840634490908902521e-02 2.584718300882962172e-01
9.079716658851854846e-03 9.266819533804780684e-02
1.965791906461078209e-01 1.591707311428485483e-01
2.213609211870875282e-01 4.648770143406615041e-02
6.862684068999293230e-02 2.822748032937167847e-02
2.710553641118054746e-01 2.129919028162975403e-01
7.181711600012762910e-03 8.553329921436710059e-02
2.117803776925528125e-01 9.652542054895571488e-02
1.243290356613281356e-01 2.559877024398072853e-01
2.905922393965186812e-01 6.171255608062811704e-02
1.603398567190507107e-01 1.347159068794217818e-01
2.230205143565612211e-02 2.183909164084378296e-01
2.104297151992082504e-01 1.400692310514543293e-01
1.620339510264172111e-01 1.113833430275739250e-01
1.760588062112661834e-01 2.163458182949565545e-01
7.566780016578117385e-02 1.543743742270441144e-01
1.945668709754677095e-01 1.940761209091059758e-01
2.812808274959351373e-01 2.520418737184360602e-01
1.921266325784134338e-02 2.203570544596730185e-01
2.749251930468653571e-01 6.766182025440158065e-02
1.696985083589497012e-01 6.154062298740331505e-02
2.430398229971693358e-01 3.232663506084319099e-02
4.261049371845069406e-02 8.131569310631177327e-02
2.537576646585143481e-01 7.583692086204073257e-02
3.996557645609188913e-02 1.381253671960920026e-01
1.292267688559496294e-02 6.337927438403057057e-03
8.054025492940863895e-02 1.506671618402403434e-01
1.337646193403916051e-01 2.349913881262405968e-01
2.264908525708423936e-01 1.957994581706640480e-01
2.927581029762981180e-01 2.493837912703377180e-01
