1.132955306244430305e-01 1.029003911715812847e-01
2.966100760006394332e-01 3.424607976862923536e-02
2.147621183331701600e-01 1.023448613124199602e-01
1.745016400143119262e-01 1.183826991193007716e-01
2.692712120641428328e-02 1.280375456129697331e-01
1.696139336261846819e-01 2.119962371757617980e-01
1.477465584202626026e-01 6.685446306492300039e-02
5.974126863613675453e-02 1.442693957706676564e-02
1.089695476007102176e-01 2.868226139566015243e-01
2.918804701603805452e-01 1.579207979295967623e-01
1.612236905915430674e-01 1.735414112563573030e-01
5.845008477765065158e-02 2.307181160568720912e-01
2.735663379467869749e-01 4.469744617894437499e-02
2.309405560549886993e-01 1.855947893663831560e-01
8.857248903605809132e-02 2.246723267999571061e-01
2.375936113488054391e-01 9.334440274419082695e-02
2.923146192232626839e-01 2.410470654756774467e-01
2.647577517506016775e-01 2.371942500616111560e-01
1.537455689691350214e-01 7.353620097354253426e-02
1.117975141764053354e-01 1.360724131141650972e-01
3.934665077740073791e-02 1.442550218613252722e-01
2.737447343561008606e-01 7.940075099524043778e-02
2.286914017732011029e-01 3.768198589515803221e-02
2.854270410782757533e-02 5.422790598353619679e-02
6.436486973684348023e-02 1.991015713032469325e-01
6.659237291000660863e-02 4.335321425515326066e-02
1.221576198165707505e-01 1.021765816344922737e-02
2.360459491394936993e-01 2.795011354287059088e-02
2.499238039293238678e-01 1.706887541602073732e-01
8.729127806128102185e-02 1.668236747170429857e-01
2.513566762558527672e-03 2.518297260916157465e-01
2.899400183301433231e-01 1.456426240401883787e-01
7.227547562314240275e-03 2.482910890170535456e-01
1.888320554097650816e-01 6.755117506971941577e-02
1.023960648739788010e-01 1.266046653654469278e-01
1.041794626977767674e-01 1.662720084283511313e-01
7.606788091158000597e-04 8.684558161826314016e-02
2.316616487191735518e-01 1.125447964802005485e-01
2.747863221507954590e-01 7.045132957420380260e-02
8.698179948319366417e-02 1.185516066259582335e-01
1.701075748710736274e-02 1.172472991517681806e-01
2.225485673463561132e-01 1.585042041992146137e-03
4.704970295355750259e-02 6.605384963033746060e-02
2.566259867948542106e-01 1.891634601188267595e-01
1.978606868586783307e-01 3.916886805516828327e-04
2.897688720069763746e-01 7.837048405420141139e-02
1.330338655877608967e-01 2.988292850296166980e-01
1.077782876391845807e-01 2.257212760809798602e-01
2.598598714165849533e-01 3.641730245269968191e-02
2.327386436844197104e-01 2.535056981037728807e-01
