2.226082421669280942e-01 1.048503703716718027e-01
1.234537345060517932e-01 2.636807610633918886e-01
2.837704045746855530e-01 2.121208252385604065e-01
4.200070093082378803e-02 1.597642608456989466e-01
1.442248320425272567e-01 2.112283783337376153e-01
2.222922641250844045e-01 6.358564012736367226e-03
7.221222671485071076e-02 1.682237560857047787e-01
2.006274568377819367e-03 8.480017096986015857e-02
1.418215125053375048e-01 2.561901669861085806e-01
1.129043428199627552e-01 7.737273281028946015e-02
2.385248659234828206e-01 2.352276082340826746e-01
1.873016493407042848e-01 1.704830787418177007e-01
1.779263711420094873e-01 2.521012213841634098e-01
5.206637241254533782e-02 1.854278929271812315e-01
1.317605353748290686e-01 1.152637135248603395e-01
2.981157879643109854e-01 2.658686513088501790e-01
1.830265164050508264e-01 8.739292333575376590e-03
6.485545279254836815e-02 8.925348039738878470e-03
2.690485471371080739e-01 2.522059144145473164e-01
1.554277353260896943e-01 1.507408409345259992e-01
8.843769380666867408e-02 2.996017186732208293e-01
1.421427218843986928e-01 2.286905649133938179e-01
1.321469262897393415e-01 1.418136355687480143e-01
1.400673849297410789e-01 5.171334680307324710e-02
1.370210261247991647e-02 1.386720348648041654e-02
1.821542360702172458e-01 1.794041533340652028e-01
1.471189615298607589e-01 2.223334321517787260e-01
1.625465806856773998e-02 1.098750319889686550e-01
2.537669285449485335e-01 2.744163346781932078e-01
2.502815137432404802e-01 1.703380521750675614e-01
5.964969349056961634e-02 2.845138103836590271e-01
2.838393606103397637e-01 7.133541268282435344e-02
1.539410683914513578e-01 2.081284659102904944e-01
2.439137841846565347e-01 2.681491102662855730e-01
1.408784494247563579e-01 1.259410115862948376e-01
2.172062522058306189e-01 2.933331819487602909e-01
6.265140475074967852e-02 2.614066629584296808e-01
1.223856505222431501e-01 1.703228582489261511e-01
1.958541317262953996e-01 2.872939458419460634e-01
2.365190103443986780e-01 1.824082304246978370e-01
1.881312595502127871e-01 9.902537028434743593e-03
8.138238444287650142e-02 9.984346350297001321e-03
7.286729441665557028e-02 2.444556077869272370e-01
2.995105501128729197e-01 2.305092505538252901e-01
2.890072900312861126e-01 2.929050148662321051e-01
5.691874193243070396e-02 2.120177118689244716e-02
2.305370859396440320e-01 5.277291819485607771e-03
1.206294392830610518e-01 1.986148835934025136e-01
2.477015397284842990e-01 7.449405745115321442e-02
2.999126744159663627e-01 1.102955882491755100e-02
