8.044993144531610574e-02 1.440966959808103465e-01
2.748857309650094491e-02 1.057399942070248386e-02
1.854290783077975624e-01 2.350180958239705964e-01
5.848635516927701283e-02 1.033106258323766985e-01
7.534772272890835620e-02 6.900656574394675724e-02
1.821983720338472279e-01 9.337781202039700801e-02
2.939777574844235075e-01 2.739599003923796072e-01
1.702887064783064133e-02 2.219845055788066956e-01
2.634273597095298514e-01 5.564268772964747756e-02
2.583537824019720985e-01 2.866245130870965704e-02
2.705643550621927296e-01 1.454378346060422322e-01
2.229889231289994833e-01 2.922404579100380539e-01
1.558034407286764678e-01 9.850379728369924870e-02
1.264858438847585864e-01 2.148561103593404631e-01
1.556862067466806450e-02 1.714158693762858621e-01
2.040785988609682688e-01 2.342851664570994308e-01
9.445251901639059589e-02 2.437308824949531438e-01
1.446247308667207299e-01 2.076924612022747751e-01
1.718779951834863151e-01 1.483856303618956152e-01
2.293546945368308554e-01 1.747762423738760951e-01
1.536109159412273051e-01 1.840709458295308465e-01
9.262899638911083200e-02 2.517072672180607484e-01
1.435040529872352311e-01 5.673158182372001895e-02
1.954201287696188949e-03 2.481566284573347714e-01
1.663999252770809456e-01 1.286508321669765087e-01
9.485638484254528546e-02 2.381928179766795162e-01
2.687587843764382978e-01 1.114145564005156706e-02
1.398058595904453083e-01 2.670293540510187413e-01
8.370524352717056971e-02 1.102151993269546576e-01
2.487648466304516193e-01 1.990780011428646690e-01
1.829511896733437282e-01 8.663869404290441834e-02
5.160602901608807996e-02 1.800713613895248144e-01
4.562052250479303739e-02 2.097958791137211343e-01
6.943899173154824411e-02 9.642899117565591205e-02
2.167147634511718546e-01 2.194763515784958485e-01
1.555027833668217174e-01 2.104215687848854377e-01
2.576416858123903308e-01 1.049325708584385314e-01
1.658087942203422260e-01 1.974054736135960886e-01
8.381909374387598588e-02 1.326711430885110510e-01
2.575417713770739025e-01 2.850050399343645458e-01
1.705430312868856380e-01 2.476603273213260348e-01
2.234822486073411163e-01 2.983277543400152942e-01
2.625342253281078841e-01 1.260410488894565251e-01
1.091381171774151865e-01 2.757526199297973823e-01
1.764517672370605472e-01 1.204016098599938744e-01
5.515263703441108598e-03 2.999944549360978874e-01
3.880154107695430593e-02 6.096209034388036518e-02
3.020619461247181503e-02 1.710741315695687437e-01
5.590683528516914025e-02 2.949169962154545299e-01
1.220690911479695023e-01 2.525949782114784645e-02
