1.622161515286885403e-01 4.315613370400761539e-02
2.190693057704717894e-01 1.168495035845415475e-01
2.651302621820538219e-01 1.640480904115875285e-02
2.088396676861407897e-01 2.417884113444964539e-02
1.126315627782610851e-01 4.446069079261148055e-02
1.521162989280506472e-01 6.268056208562367178e-03
1.784591962807882404e-01 4.125313593980148991e-02
9.964969774576207251e-02 1.729933962714219620e-01
5.900916713763341981e-02 3.079313805539733717e-02
6.528950542778788439e-03 2.564478135329155695e-01
4.771050455125814410e-02 1.539966364087399231e-01
1.522143060096133038e-01 1.632262506232423915e-01
2.465360777847495910e-01 2.352331107120094189e-01
2.221629670191206940e-01 1.911436075625841668e-01
2.634400292046254477e-01 2.951723321814854750e-01
2.275978951767031189e-01 1.660067742250758427e-01
1.912867668964242096e-01 2.196123685177018073e-02
9.445376444141891092e-02 1.235981457172797282e-01
1.861437559574490586e-01 7.925782456467185544e-02
1.505482231538931431e-02 1.460294701124333072e-01
1.767154779471848680e-01 2.204413912332901238e-01
5.459553711421858552e-02 2.248754297536177948e-01
7.346918531774940253e-02 2.839905670672502325e-01
2.344971570740984543e-02 2.689913112316765290e-02
1.833327466264902117e-01 6.889894342423343032e-02
5.630035638236374762e-02 2.691313485444965514e-01
2.742407493358351989e-01 1.136872348304513586e-01
2.449417055386958822e-02 1.457582681263403790e-01
1.109732975122990489e-01 1.895885122718215521e-01
2.253832508605641272e-01 2.594023721376620406e-01
9.125274896402278679e-02 4.074659581377679946e-02
1.808493071363232174e-01 1.832541011558640534e-02
1.827111803836467818e-01 2.642649373896684417e-01
1.323661515476252382e-01 1.063219881718982240e-01
1.282522476088116814e-01 2.290153482368552651e-01
4.016161391346434462e-02 5.294190894854829826e-02
9.978570744165245199e-02 1.961518122241269479e-01
2.331816095244122408e-02 3.193359451399636201e-02
2.544107936697757588e-01 7.523645150640960455e-02
1.763551772271092222e-01 5.392518461003964481e-02
1.953432612976474247e-01 2.621962061290131207e-01
2.893976529094446359e-01 1.886943849565519138e-01
2.027736583078960653e-01 1.072865685790169166e-01
1.546051277419888403e-01 1.673269475800259753e-01
2.267751790246394783e-01 4.217177682432288882e-02
8.727742990444749271e-02 1.200272775950776416e-01
1.786020527814790315e-01 1.070757648049446981e-01
1.511356964339141962e-01 2.862274025832718949e-01
1.602389040330018666e-01 7.828645480818628710e-02
2.543630861557197864e-01 1.105738415635261623e-01
