2.640339784163978076e-01 1.239231056697760458e-01
1.505853910593194234e-01 4.575836853717105829e-02
2.298357974412035820e-01 2.731376637768906379e-01
1.185095827570862154e-01 2.177308585540974062e-01
1.385417263858889358e-01 5.348561301992026118e-02
1.702778778773672008e-01 2.352392239205405022e-01
5.615614314745440844e-02 2.355579429532815294e-01
1.825927859345070625e-01 1.233232268302691531e-01
1.430877897054634029e-01 2.039877471886135385e-01
8.332017633133048662e-02 1.662845236665485282e-01
1.834411252750211274e-01 1.630809806744022358e-02
1.390087016927124275e-01 1.453167532141980411e-01
2.357661985036454272e-02 2.698288453000531328e-01
1.764678497571986193e-01 4.950278593160961638e-02
2.640587009448303601e-01 2.894115327060207687e-01
9.051381374322577111e-02 1.521643934513452479e-01
1.633435400265178250e-01 2.990768827722205536e-01
8.800582649282577552e-02 2.078206471586334647e-01
1.841746409319214572e-01 2.499314082810192017e-01
4.467295841814879903e-02 2.442133286874477172e-01
3.896128006762653723e-02 2.487275133052702092e-01
1.298371437581297416e-01 8.820904445359703527e-02
4.589669418121302552e-02 1.044586879585098910e-01
8.906120402019945120e-03 1.084197748811531192e-01
1.142720902742502265e-01 2.645135117046381046e-01
1.084823536077349389e-02 9.168291235719583029e-03
2.323661526032643754e-01 2.378976702616547867e-01
1.015435362583410883e-01 1.879435361558896289e-01
2.217972318937936060e-01 1.257664752197782676e-01
2.530345899789593900e-01 2.006795875113680794e-01
1.828263333575629035e-01 1.358744358264343290e-02
1.015497157912774867e-01 1.070058290606442780e-01
4.915152030492606766e-02 5.666209491349576133e-02
2.450461839244895135e-01 1.201153275833656275e-01
1.068207678077857797e-01 2.955985517613429203e-01
2.576758697186928848e-01 2.103375498103942157e-02
2.974218184304510126e-01 2.367050527090178713e-01
5.026707687073132119e-02 4.349873073271426360e-02
4.043418744717185154e-02 8.929624710885707140e-02
2.847035906045589440e-02 1.250298681113702903e-01
2.722973393158221733e-01 1.447936375367374351e-01
1.976937207676117969e-01 2.055411483388510374e-01
1.956541830552165351e-01 2.799962388814078787e-02
1.020143583597912240e-01 2.829001067290045635e-01
5.844451835522485733e-02 1.352841322402724700e-01
1.767516130906984229e-01 1.312865645801840064e-01
1.529891873457054075e-01 1.081053226131359485e-01
2.812002798852139898e-02 1.593060539097136408e-01
5.986246059594832469e-02 3.345833387892466898e-02
5.371933836817984614e-02 5.972891458087480065e-02
