1.016665748124696497e-02 2.046777674447265161e-01
1.283953843995888355e-01 1.444380639642188491e-01
2.475963802927558799e-01 2.760954393336541579e-01
2.594949867247750563e-01 3.256363333024887147e-02
2.346176530782609904e-01 1.664231416888499460e-01
2.796394642194467428e-01 5.562990557425344373e-02
1.097285776164359655e-01 1.903021458813646261e-01
4.808077447301451618e-02 1.347684153707242316e-01
2.116853776767506634e-01 4.803645948278123176e-03
2.064402415418826464e-01 2.614940559900805206e-01
1.477492600040497817e-01 1.610554081858960040e-01
4.489593772924510562e-02 2.182864329896591349e-01
2.150667966749820748e-01 2.593103337277691267e-01
1.746615101118400432e-02 1.074958057783610560e-01
2.972616612155619120e-01 1.442168520550559108e-01
1.755957037623658568e-01 2.025458248090678814e-01
2.374222753517079565e-01 6.075552009628733957e-02
2.371183409482999216e-01 2.356173307712498277e-01
2.805856374222073096e-02 1.660911381313781854e-01
2.945638622646356009e-01 1.494600194984241903e-01
7.472331520270251992e-02 2.412110047014268677e-01
1.083523102631545054e-02 1.533287415561771228e-01
1.766790369118132475e-01 2.795483283438512934e-01
2.799928128167315511e-01 2.634652617768151184e-01
1.187420902766598008e-01 6.576787381102956742e-02
2.551112973856864419e-01 8.035309614521791988e-02
3.596182802846487059e-02 1.767968194639776280e-01
6.307873091244572961e-02 9.698639978747806978e-02
2.066329591661562048e-01 2.376168795122401978e-01
2.379768741294165796e-02 2.357976363978351309e-01
7.173061124366164609e-03 1.619022654728984392e-02
1.220843616725253572e-01 1.539896349772868767e-01
2.035044666621626253e-01 1.915341868823738636e-01
2.363128489551292732e-01 2.747366823572583994e-01
2.264948070607328001e-01 3.998693436870057877e-02
4.503387296298015652e-02 2.422575644451454568e-01
2.571766880311290304e-01 2.473958586375297197e-01
1.737964125684555439e-01 1.701621239671888275e-01
2.054461087931735985e-01 2.759058903499280735e-01
2.952365312540789488e-01 5.558632025390334436e-02
2.307904856923923276e-01 8.359013291758594921e-02
9.466247666878647993e-02 2.183539254052841716e-01
2.496285136502001192e-02 2.953441535802359130e-01
5.671093377177777867e-02 9.346326310855978398e-03
1.909506473601843904e-02 1.163153454500430173e-01
1.577092125140010237e-01 2.122833031245263680e-02
2.488436592989005103e-01 8.258000543744269117e-02
2.712733703122996443e-01 2.477566388221612570e-01
5.935501700981984236e-02 6.521714544099960209e-02
1.612123459133835701e-01 2.265963492312181304e-01
