8.733645872789587428e-02 2.288035942052259741e-01
9.268060436612519937e-02 2.441369512453117341e-01
3.136093005147683882e-02 2.376289079272245475e-01
1.081555688541591259e-01 2.050477310625495042e-01
2.859421732510360470e-01 9.238264886545300217e-03
7.299015124056069947e-02 1.194472960897257074e-01
1.214268588995480319e-01 1.701566113126183055e-01
2.319129512857757980e-01 1.293154279954913111e-01
2.500302286479640368e-01 1.405894526062583250e-01
1.222595296965425377e-01 2.506737504240699188e-01
4.570130633965018008e-02 2.925978663483603248e-01
2.510535099492045008e-01 2.149537709873155233e-01
4.255118678943876215e-02 1.021243092871132185e-01
4.746621673069120056e-02 9.491753268609598448e-02
2.117630412366985349e-01 6.507566145778327649e-02
4.538006476467441874e-02 1.773532280693794205e-01
2.917986695873192593e-01 1.737119344660552692e-02
8.553652224394353576e-02 1.338853348289285594e-01
2.780601673924097406e-01 1.086164474141820685e-01
4.012332209188662624e-02 1.704032590885711518e-01
3.428935873781679966e-03 2.753075290633636429e-01
6.399857374269685151e-02 5.400981536332859212e-02
1.366560333091938750e-01 1.920315991689572621e-01
9.423585532213003824e-02 2.548012493840584036e-01
1.613166235961646378e-01 1.781889851786531698e-01
1.254420095548352820e-01 2.586980664369730731e-01
5.036620911656847915e-02 2.743564230331327902e-01
2.406243196919949368e-01 2.828750879891968051e-01
1.298392565734488580e-01 1.129700901880275610e-01
2.083312323776010389e-01 6.511943818266842376e-02
2.647682423016329278e-01 2.986324765177612583e-01
1.808000590213109104e-01 2.903431159236723180e-02
2.706488596543146080e-02 1.183898166059452715e-02
2.205310557731362808e-01 1.568917770637063835e-01
1.068284582714607162e-01 6.416720874394370167e-02
2.796601294210986910e-01 2.076980860237533366e-01
2.357386122323200661e-01 1.306087742377091410e-01
4.389252581657492047e-02 2.176411642779118305e-01
9.442539154922842404e-02 1.893543713002732165e-02
1.455120906181402995e-01 9.590138663682871989e-02
1.129385278414581778e-01 2.797167874451254588e-01
1.241581342753246553e-01 1.720920956582191741e-01
2.826947817354929504e-01 6.184296792643899365e-02
2.665148495751200053e-01 1.490939361169018040e-01
1.485165286605538704e-02 2.292044159062530673e-01
1.336913597191108916e-01 1.629331947844393780e-01
4.634606923144553997e-02 2.077549251188387514e-01
1.585469343550146293e-01 9.546280923071992497e-02
1.662337427173775917e-01 8.954501931786276736e-02
1.659443210915119704e-01 1.275043309385857915e-01
