4.286934925691066045e-02 3.422389354725513533e-02
1.958562758457380315e-01 2.514973847428644271e-01
2.620470859420571674e-01 2.709374294839947406e-01
2.662365818758571367e-01 8.658053607013870001e-02
2.227927875694044879e-01 2.208093322768616418e-01
1.204068992586822817e-01 2.028112131282203967e-01
2.831101269630025841e-01 4.193919403437573225e-03
2.642659354839571040e-01 2.305314796339420491e-01
3.284584541052913004e-02 2.560867759569664392e-01
1.092201654170734705e-02 1.109859332061700031e-02
1.066843469934773553e-01 2.548976533173282766e-01
9.915150582830810702e-03 1.711784641160601361e-01
1.671807954001561583e-02 2.087000209693294639e-01
2.294116085795466775e-01 2.581510953357031291e-01
1.670580124937498800e-01 2.587890429697218830e-01
1.562537667969829680e-01 1.320798682829824044e-01
2.325434958057764345e-01 1.568546157174037503e-01
1.873867501664543966e-01 3.642791905127351366e-03
2.822989967766558750e-01 1.231328386347667614e-01
8.745185058829892111e-02 2.380180186369280082e-01
2.176003648989661143e-01 5.950970601422014838e-02
4.476011601576838916e-02 6.479442356030651329e-03
1.040543183927328391e-01 2.064035538560625993e-01
1.150532970904193271e-02 2.729003487198738420e-01
1.312060160405974507e-01 4.353926709699907499e-02
2.272652424791481718e-01 2.066867116121564873e-01
3.049345695686700441e-02 1.271331328069592037e-01
1.458840970823714785e-02 8.041235095842100278e-02
1.454758324704543693e-01 1.649576100345486740e-01
2.327003846892654881e-01 3.035023037625372844e-03
4.988122554204554642e-04 2.533742420160998154e-01
2.881672590852576432e-01 1.222935362313343766e-01
8.199151515844430027e-02 1.731218140260644966e-01
3.147527285103485922e-02 5.434271783616473339e-02
2.479626207803157512e-01 3.981412673759125720e-02
1.876483885502207571e-01 7.712319187549573907e-02
9.884387858477258759e-02 7.029030339372026315e-02
8.424449987542428908e-02 1.472434870025008113e-01
5.286834884710382709e-02 6.592265393579432864e-02
4.664421144585940288e-02 2.456269259530178828e-01
2.414924472216761764e-01 1.058267908100690019e-01
1.535761102232831021e-01 8.908149999701463727e-04
2.875431479663055276e-02 5.760134797012617103e-02
5.737687098706385075e-02 1.500938036121313027e-03
1.710363015178228974e-02 6.291064401781980286e-02
2.392635919831967439e-01 1.683205729397466432e-01
1.832894418113749369e-01 1.483943901522464803e-01
1.640466812169636968e-01 1.270541463858286535e-01
1.429787512061061472e-01 2.870331809945907420e-01
1.068070533878721223e-01 2.660020031077491853e-01
