2.492272348513144276e-01 2.517738831767060148e-01
2.635668323583728601e-01 1.733101237879583756e-01
1.755807045428939284e-01 1.978109486009502205e-01
2.542988186987581514e-02 8.989625030349379653e-02
2.766998360480126262e-01 1.051994438880991117e-01
2.631791213551224473e-01 1.648335758580285471e-01
1.291468911356601912e-01 7.129739573782659101e-02
1.538005543042978984e-01 1.391495040678401851e-01
3.970689140904314074e-02 2.825550908902063618e-01
2.748099520011765273e-02 9.360229635409798854e-02
1.784187096081279733e-01 1.067946036090692136e-01
2.420726719179745745e-01 6.540098720868076088e-02
1.068326472605081595e-01 1.367041340330645005e-01
3.324277828457946476e-02 2.220544250774775241e-01
1.747828738965378492e-01 2.504388288051662137e-01
7.618435232132710067e-02 2.662562550468837164e-01
2.167198356067604470e-01 2.490009908498737323e-01
5.792375210582412226e-02 2.843025770840683086e-01
8.472938136090830963e-02 1.203217377439922686e-01
2.831730221662495661e-01 4.182127654694467456e-02
2.022799097295759074e-01 7.621538550760986741e-02
5.068830076711017957e-02 1.490345237606710005e-01
2.551842410154876450e-01 1.253602253491902796e-01
1.432760690957734506e-01 2.260137971734193785e-01
1.522522384621670943e-01 9.356843093976831283e-02
7.031607089455838011e-02 2.469797873000370569e-01
2.146736168694873548e-01 2.717876737090555439e-01
5.499304653522855968e-02 2.086509549008493114e-01
1.858690178653996938e-01 2.959455794050901423e-01
1.226702677355585996e-01 2.803235546539978307e-01
8.788615287266250686e-02 2.821650872610402816e-01
1.307258193886091935e-01 1.877188833953611080e-01
1.646910810912987910e-01 2.836394490178890115e-01
2.102876209878264679e-01 2.997364648987927913e-02
2.322752052857373350e-01 3.606616674725190291e-02
3.019813383591473895e-04 7.100702087828884845e-02
2.967281334734446774e-01 1.694630530614223141e-01
5.223116569640497836e-02 8.513199033136163718e-02
1.014094207379055979e-01 1.766202540765353379e-01
8.356015494886093534e-03 2.512362612963468522e-01
1.162274651564744743e-01 2.930206111891965892e-01
7.192381904428608863e-02 1.590589673213940736e-01
1.629905172775882871e-01 1.278209609206656383e-01
2.531862850797740871e-01 2.170534350059319662e-01
7.846696781887289862e-02 2.432996741853971079e-01
1.812015911931319223e-01 2.665217002215172770e-01
1.632256292551290677e-01 3.659861186328185884e-02
2.428056797183049051e-02 2.348838916605731630e-01
1.211449934317667815e-01 1.325932191346086142e-01
1.617715373172922966e-01 8.192922923310812233e-02
