6.358938031373961852e-02 6.914993494715433731e-02
1.832571299216635141e-01 8.246063739555924144e-02
1.930859596834730574e-01 5.537764037763193148e-02
2.778172352205830475e-01 1.970491654286642136e-01
2.683150365825301767e-02 2.750063985706500680e-01
1.873702949058359268e-01 1.182453377546658323e-02
2.287077793741565113e-01 2.625998910109981765e-01
1.757504707607713823e-01 6.090037121164490475e-02
2.620179631048192292e-01 1.713430094726453301e-01
2.169964760765536738e-01 9.898351910906834361e-02
9.643138843534113103e-02 6.029939424857659602e-02
2.972799071155721173e-01 1.300268554030094004e-01
2.232912679971964520e-01 1.233464071415702329e-01
2.363075286200335412e-01 1.419281027113938332e-01
7.197616434026819776e-02 5.658092077295054367e-02
2.786770023355534254e-01 1.900461429579283074e-02
2.415223927909782020e-02 1.405482408053454479e-01
2.441469882321887219e-01 2.245554443385973931e-01
1.114585678446352174e-01 2.006626265211710891e-01
1.881684087030528474e-01 8.269816245748673467e-02
1.612602330080014079e-01 2.902210393890186091e-01
2.494135796328428301e-01 2.482927543411659888e-01
8.791571808425087398e-02 8.933678581243960359e-02
5.738383066627615603e-02 4.292457798724352847e-02
1.225415691416703590e-02 1.278103741770010224e-02
2.993333553142195069e-01 2.380243489800955570e-01
2.487649033109248786e-01 2.643881979251663794e-01
1.823516358774049662e-01 2.386790507813271733e-01
1.495682048739893633e-01 1.143242701886955093e-01
2.674654272084917017e-01 8.465461695715252588e-02
1.552048668670998055e-01 8.449563259872182319e-02
2.315326008288243285e-03 2.146485888502238093e-01
2.188956344279108512e-01 2.310744225602759105e-01
2.977695016167697939e-01 1.381025948282908755e-01
1.975509173989577483e-01 2.464220701833039762e-01
1.168113303967725641e-01 2.811002349212031737e-01
8.331363793008349228e-02 1.880607641055186963e-01
2.663078137894335229e-01 1.027054474472569867e-01
2.726490452542766896e-01 2.173013720839339358e-01
2.082684592251559663e-01 2.481414140639896793e-01
2.314408800108492814e-01 9.239480646827949450e-02
2.798691429219530846e-01 1.856675652311000346e-01
1.061573746679843749e-01 2.906021029668099942e-01
1.007397276170974298e-01 2.755991897290920312e-01
6.122840033842794072e-02 1.433709551718539282e-02
1.600775256282927494e-01 1.053966573423744807e-01
1.407517153367963403e-01 3.061414596974867258e-02
1.734809324285524756e-01 1.471499780025949389e-01
1.510941639556435401e-01 1.354002756858189126e-02
2.172293117870339671e-02 1.701262789747929882e-01
