2.152059264762340718e-01 2.610141201035734992e-01
7.355096988074001640e-02 1.636748634792298263e-01
2.672028761391819218e-01 2.351261963281625345e-01
2.962085855777606969e-01 3.426078221532447010e-02
2.563971929465782562e-01 1.840753949969645975e-01
1.156342045018063369e-01 1.298288142385633781e-01
2.598299844093270861e-01 7.714599191884935481e-02
1.391134860548848143e-03 1.145411514996637903e-01
2.182484185225399415e-02 1.169010668095309263e-01
4.338510853689845487e-02 1.482491705881575084e-01
2.335719167846492805e-01 1.901200101070117318e-02
2.854356709387546598e-01 2.862155846709005802e-01
2.891171038460573772e-01 2.789450962932062822e-02
6.965721985128291160e-02 1.555610594967753169e-01
2.285985164044071483e-01 1.699883800734122985e-01
2.232684009053844537e-02 6.309865396357065837e-02
1.006342558953137734e-01 1.601423840776698138e-01
1.526489767890940319e-01 1.283011065344879797e-01
2.485588094251065250e-01 1.991724063919893539e-01
6.329738855915624518e-02 2.490544527367711258e-01
4.656535775228439616e-02 1.838025803265964653e-01
3.327996351918099949e-02 2.885761443382885982e-01
2.429071189765677485e-01 1.229828625778721513e-01
2.570970224623141398e-01 6.425884070401177706e-03
2.509270762447536884e-01 1.194673357770368455e-01
2.841400212919769075e-01 1.340087759666874490e-01
3.622442295827040665e-02 6.428639827030268802e-03
2.215784456535204727e-01 2.682099705636146747e-01
1.774280339855641153e-01 2.096054054596671601e-01
1.316893361576754740e-01 1.687733304210104965e-02
2.340067679722172000e-01 9.557236658037672472e-02
1.568033743184026607e-01 1.173709495617725751e-01
2.386122700039094713e-01 1.940399867447851479e-01
1.704009967281447935e-01 2.270866228471651038e-01
9.264987704417292427e-03 1.505490099965515471e-01
1.500850948607544699e-01 1.480582073827788059e-01
2.402915593122487981e-01 1.501592692794999351e-01
1.340312478302987387e-01 1.267974105203963364e-01
1.352656709681253344e-01 1.914083651743246350e-01
1.014093580908430499e-02 2.831369190038459660e-01
1.025696610695830957e-02 4.411488568742506083e-02
1.989805431664121160e-01 1.852250735679273341e-01
9.468023943259184410e-04 1.758516410224134630e-01
2.345564512517781253e-01 8.970411782805831624e-03
2.504610409237604807e-01 1.756860300783626982e-01
7.593132323444035103e-02 2.525221226554575371e-01
1.654682201695766020e-01 2.803312965521175815e-01
1.915367082133910825e-01 2.681326753988498846e-01
2.382438206385280588e-01 2.905506415242290266e-02
4.379082465858506051e-02 1.762912374154218531e-01
