2.745550712649070732e-02 1.419914584408751013e-01
3.353634664028048995e-02 2.790039627223951310e-02
1.483918266810713704e-01 1.656949715107488286e-01
1.806280672698465373e-01 1.146350017089469153e-01
1.035648707637903121e-01 2.443002844329318912e-01
2.571594620893865590e-01 1.814271838409868831e-01
1.472245253704823897e-01 2.375148247578626193e-01
2.729370148394593687e-01 6.843473418565722277e-02
1.995260755910279182e-01 1.740162077427725995e-01
1.965715267071654615e-01 2.524012185946598041e-01
2.449311659328590185e-01 2.117630968795334301e-01
1.845297309275245601e-02 2.999016728731264125e-01
1.117130004395592256e-02 2.481585554309908015e-01
9.874506164954471865e-02 2.783547934161723081e-01
1.018120310381907673e-01 1.865807449370753268e-01
1.838062926382852125e-01 2.382072651486533688e-01
1.669065264149199035e-01 6.498956918101185531e-02
2.492285123784191980e-01 2.753660876493595477e-01
2.877943341054315929e-01 2.255878989311218552e-01
1.621833673383797914e-01 1.363379829688808054e-01
1.943284340347028738e-01 1.071825000674445222e-01
1.883463526726523174e-01 1.232887024622794092e-01
1.885759396877592364e-01 1.151064927435018100e-02
2.765069669197249835e-01 4.615832189984594297e-02
2.037667690094768606e-03 1.033564528978994923e-01
1.650253030606528559e-01 1.994628067315473985e-01
1.150389492848660766e-01 2.631870080397353262e-01
2.162061503787017225e-01 6.727336615036373646e-02
1.424791338515536132e-01 2.808315823801901256e-01
2.655865546355624107e-01 7.334353750600959565e-02
1.138377718206009526e-01 2.185904904670092075e-01
2.288635516576734488e-02 2.650657857296700448e-01
1.219328982152397545e-01 4.037352131857527976e-02
9.804803831397117253e-02 1.402103217621672449e-01
8.413713089987027993e-02 3.910759521171747882e-02
1.908031516782774106e-01 1.553407078081285031e-01
2.761546024416152156e-01 2.289391498976912631e-01
3.934200369580903578e-02 1.860208983224590287e-02
1.196973454004338633e-01 2.101869950476982496e-01
1.031997642601841930e-01 2.986472943684888581e-01
1.116691360192387933e-01 2.626305498624997292e-01
1.766556501594551557e-03 1.149344017370819565e-01
1.053144105907660721e-01 1.939449727517772448e-02
2.156919565619997425e-01 9.314994542786782239e-02
2.098822346940984185e-01 2.185406328321576608e-01
2.417028681728574657e-01 1.583232994648545722e-01
9.982048901964024612e-02 1.292992627681643358e-01
1.521212683098741580e-01 2.235225641545785791e-01
2.100549234357650119e-01 1.253667676681885779e-01
2.030637060577876463e-01 4.458637078462839021e-02
