4.708913377264689441e-03 2.500445111558658937e-02
1.164393540633554824e-01 2.350362926310196054e-01
3.429812110095090821e-02 2.381977199918543231e-01
2.754748218648161995e-01 1.092425211021757492e-01
9.410192713507405105e-02 4.042197019073329872e-02
4.306504731994171414e-02 1.566129447304501210e-01
2.654393452290366162e-01 1.912487177881616041e-01
6.339403240883688395e-02 4.327438641002819691e-02
1.866478937866662413e-01 1.496539870410631690e-01
1.999654806365950832e-01 2.584703326643030680e-02
7.249406770207321438e-02 2.248684913211440317e-01
2.965014761745430882e-01 1.156727485521369669e-01
4.126024469981759424e-02 2.236068015214901228e-01
1.257142793505995615e-01 1.014405028739955202e-02
2.688723448804696825e-01 1.040546251394275507e-01
2.981433726972790299e-01 1.920601105281223853e-01
1.742377111608548190e-01 1.101878190580099087e-01
1.743611760243300168e-01 2.531452974544475265e-01
6.461823799143588676e-02 1.878442457454807327e-02
1.155840143387238533e-01 2.165419964292516763e-01
1.308427972331672462e-01 2.195380700182393285e-01
1.323445235926526964e-01 1.879277796947042070e-02
2.573372976252640831e-01 9.639924621209297606e-02
1.404694623439284862e-01 1.236675380471455830e-02
1.435873949451545173e-01 2.657434798283324628e-01
6.573320966607380800e-02 3.997338639621443590e-02
2.572500510493047066e-01 1.385500479646436522e-01
1.409308261541883656e-01 6.242915427164273667e-02
2.461805119410531706e-01 2.902538611261333834e-01
2.689329189169005208e-01 2.122485042017051848e-01
1.468279364221640737e-01 1.395438976824667221e-01
1.292426638134155092e-01 1.471966937837637379e-01
5.477922563319281846e-02 1.635160979012174332e-01
1.185284919549468297e-01 1.155357274710433618e-01
2.663142089025314352e-01 5.529050856671784142e-02
4.241011712864217569e-03 1.211896491535785492e-01
1.498787293926496789e-01 1.451163920709766519e-01
9.154319636667447579e-02 1.073361322635707077e-01
1.847761612863086655e-01 8.531187761036328199e-02
2.216822386210275109e-01 1.803636004620275957e-01
1.407997995780962408e-01 8.859554488545375028e-02
2.492827292116372440e-01 2.614994210856676493e-01
2.257916650877024312e-01 8.048273277601820930e-02
5.498964407036097818e-02 2.865841625186560382e-01
1.925446306807722108e-01 5.877744094415934817e-02
2.437153119158115000e-01 2.049934389483300257e-01
7.895297825829485083e-02 1.512412927722801559e-01
5.717692265082244263e-02 2.761259633117831847e-01
5.083681275139741856e-02 3.856540718323830941e-02
1.032990717739565162e-01 9.761247656992080857e-02
