6.019157612835242949e-02 2.701139150759240826e-02
2.772605234468555335e-01 7.769135262002985209e-02
8.911385036025794293e-02 8.192604064828178101e-02
6.394645442138027769e-02 1.738897691035366788e-01
5.672771621963712367e-03 2.856256129942918442e-01
2.912857306122434986e-02 1.722196509965308875e-01
1.851477658124068282e-01 2.192121695383601188e-01
7.027177629259882818e-02 2.308818420547398553e-01
6.295656296621437997e-02 2.348020222507664623e-01
2.117631170454791212e-01 1.965050683624229577e-01
6.061956065458626308e-02 1.537504967084140084e-01
5.204104344182394065e-02 5.031792173394393497e-02
2.037076093537672772e-01 2.427520224204402499e-01
9.233467405502164549e-02 9.096415123153346605e-02
2.615236042030124608e-01 4.279779730365852047e-02
1.739993310131850157e-01 1.540174260473527734e-01
1.729121898841228522e-01 2.250733088527329673e-01
2.992780150069270784e-01 6.543044014538258735e-02
2.129335491023973473e-02 2.873898228303995439e-01
1.640243893551327770e-01 2.796687060915007406e-01
2.237538656258327430e-01 2.537401856097085129e-01
1.858495987764535451e-01 5.488808917162698447e-02
1.003736492427650673e-01 2.272725122438018497e-01
1.023696944716028651e-01 1.556531136954604488e-01
8.917675212622754033e-02 2.767756129906212559e-01
1.348311881314853411e-01 5.866515136327364599e-02
2.008972129231891002e-01 1.058742784795094760e-01
1.451547572825272470e-01 2.223942861260469195e-01
8.166946462002697138e-02 9.418108369319083684e-02
2.423402505777545457e-01 2.919683052709008686e-02
1.138821800191082076e-02 2.548053017883337712e-01
1.912988307336019322e-01 8.010600040405026212e-02
1.536804780771777457e-01 9.631955097622459105e-02
4.555480757564678990e-02 1.787795947901094362e-01
1.568064595307363529e-01 2.152327609261988905e-01
1.974689255917773043e-02 2.369512346034916839e-01
1.751570753580810047e-01 2.698332525934835080e-01
2.299186548111368245e-01 1.943882092339780654e-01
2.971237273336468920e-01 1.376974244529500235e-01
2.707096357388058538e-01 1.755628211131486927e-01
6.860137430339518887e-03 9.951096687674822194e-02
2.695495163374463932e-01 2.689618415269131591e-01
1.446895667532699936e-01 8.926474358371448703e-02
2.936649588203748551e-01 2.358134171588973371e-01
8.675766168379496490e-02 3.825800249614785733e-03
2.711162826985424323e-01 2.906522646363471907e-01
2.133438771886392027e-01 2.518864670756907134e-02
1.971471230774635985e-01 2.048893523480052950e-02
2.401853520730334954e-03 1.698012333389777029e-01
2.846467715852653013e-01 1.555762750192407617e-01
