2.140753943826589067e-01 3.821842532028819212e-02
1.910028548467866405e-01 1.549834669655879849e-01
2.419494116858981747e-01 2.750552085768313004e-01
8.184986760022983088e-02 3.981540361509199044e-02
1.752082730300289770e-01 1.848623594946072757e-01
1.112147816554594215e-01 3.254283497456011975e-02
2.650868984626886804e-01 8.179722283914853120e-02
9.322807463962672070e-02 7.106565275823419070e-02
2.023088548165463685e-02 4.387279300108913593e-02
2.999604430558264756e-01 1.440020145913402036e-02
1.592099444951135534e-01 1.863786437289977338e-01
2.852632007301448835e-01 6.056404023672440351e-02
5.858312029113884462e-02 2.429588357731895520e-01
2.978601717109061742e-01 2.811068757872381418e-01
2.408133207095096151e-01 1.423929614094611995e-01
1.425540365869673587e-01 1.972510447940732103e-01
2.200051540867673516e-01 6.623958057639540986e-02
1.496049168563707010e-01 9.857098488942188375e-02
7.562901220104419064e-02 1.966846840988910050e-01
2.389241733655436128e-01 1.525114225696597159e-01
1.649234614095299589e-01 3.133590113952617467e-02
2.409856233161521144e-01 3.715152903223532810e-02
1.420698264473206074e-01 8.328600122438491182e-02
2.600764301205349405e-01 1.085480248512872836e-01
1.062540127377038096e-01 1.655759750486716919e-01
3.899225579927267926e-02 1.255579224828853868e-01
2.191472919328596447e-02 1.444570552786277884e-01
5.869015271105599424e-02 1.997103728738819639e-01
1.254812503754129394e-01 2.602570632863274169e-01
1.926772381017570202e-01 4.342712939934843114e-02
2.468279243817211310e-01 2.114849089409311378e-01
5.632572191139548212e-02 7.721312111337443052e-02
2.798716599957085018e-03 4.863692548535459431e-02
2.654409250297661352e-02 5.445467821847350259e-02
2.768869904692684014e-01 5.073752121878098709e-02
2.223403854132184332e-01 1.882292768616256051e-01
1.857241752802951630e-03 9.494167680993739755e-02
1.467281858964173680e-01 2.562676081497414771e-01
1.353555803913433497e-01 1.513451050121029581e-02
4.559129239998150479e-02 1.091551876712318486e-01
2.574617730737486232e-01 6.764034987974731905e-02
1.140042583582134145e-01 5.259808574720888780e-02
3.593807037119985809e-02 2.155477356199374250e-01
2.075315180780645807e-02 1.998170649778672481e-01
1.368160798509027443e-01 2.915055533242148500e-01
2.657526076519953762e-01 1.702680593862292702e-01
6.466560447490696251e-02 1.483748037587504232e-01
2.368403235705614923e-02 1.597132470767533008e-01
1.747258680035446154e-03 7.027398413945759592e-02
2.082281019289583257e-01 2.729189304323762499e-01
