2.144893956882500674e-01 2.178729837088992094e-01
1.330922061979659086e-02 4.860081201992916961e-02
1.521464970502780234e-01 1.505488029086828050e-01
3.327419896688629114e-02 6.279188338150659687e-02
2.144939646685274093e-01 2.470182405372574053e-01
7.797544509749676717e-04 8.193971099498058297e-02
1.127958541921762481e-01 6.262354023028485206e-02
6.816481815217219353e-02 2.599872369739227862e-01
2.602621601718096422e-01 7.460900982725920949e-02
2.323290093482522356e-01 2.383573020877115811e-01
1.802477915212506721e-01 8.048088516602792952e-02
2.167304994218402225e-01 1.028507807084248632e-01
1.213431242957444395e-01 1.585211166076860301e-01
4.270600242731314479e-03 2.529862719161152240e-01
2.995117920274399936e-01 1.080086732606623384e-01
2.295331353517619799e-01 6.536589681812565375e-03
1.815524063130943277e-01 2.108023099071555662e-01
1.178248077412150790e-01 6.120079224108998343e-03
1.975790647089944313e-02 2.411703750366221422e-01
8.880752996564132695e-02 5.399693255416747328e-02
2.496745451941600191e-01 2.366685478986990387e-01
9.641533021263340442e-02 1.786215292969818291e-01
1.622661131857807970e-01 2.586195138308697850e-01
9.856616196405847130e-02 1.094740234012316765e-01
1.720999771417669466e-01 1.679962415176370627e-01
2.747570049440473117e-01 3.952375862504964310e-03
4.902668685751419841e-02 7.796370901256025054e-02
5.049526828872284018e-02 1.833935605639564204e-01
1.504886125625615467e-01 2.391361014581054878e-01
2.003856757819700851e-01 1.956186174610690387e-01
2.926621226561071931e-01 1.800255281047216105e-01
9.054868264562405955e-02 5.197948150783110455e-02
2.939481129670346027e-01 7.042436613624861175e-02
5.830905962659149386e-03 2.429960690026691239e-01
2.207257977870401011e-01 1.662736316689883464e-03
2.006290941272477757e-01 2.866887946107674612e-01
2.272541944591273122e-01 2.437114941049106087e-01
1.381883820134994223e-01 3.833077560700629688e-02
1.528956319965681654e-01 1.006012634587199611e-01
1.743710472503044728e-01 2.614645402538369190e-01
2.207820134338062401e-01 1.954697246001289024e-01
2.836867291226429777e-01 3.549975667290820869e-02
2.191636211148412505e-01 1.278683597590847820e-01
1.997072215695188391e-01 7.026999629293506112e-03
1.042415095667468400e-01 2.649704264691576938e-01
1.757310825861631287e-01 2.424348875627485855e-01
2.699723460200109670e-02 2.237239793718379388e-01
1.157369669674727097e-01 2.230926481335436251e-01
6.240004740401280253e-02 2.996609048642645545e-02
1.980335138010833607e-01 2.966138689839583065e-01
