2.109860269359559448e-01 4.175548438809176949e-02
1.390674310717969660e-02 9.209711470828392532e-02
1.826457099572210141e-01 6.670712460213540362e-02
2.180693362536942070e-01 1.645109513017248282e-01
2.221518101053720964e-03 1.910463005044774065e-01
2.354891083000045793e-01 1.210942070865542175e-01
1.071957275097389362e-01 1.095573641893213962e-01
1.970963430216564338e-01 1.335954872975617658e-01
1.437651174725944336e-01 2.321451987461309874e-01
1.167975548855209600e-01 5.770944923715910085e-02
4.698974521185050879e-02 7.554600567241175069e-02
1.260272724467142724e-01 4.193338896751619589e-03
2.308574613807646836e-01 6.340558186886796621e-02
2.855992367994627384e-02 2.047407693071040258e-01
2.071818056029605670e-01 1.471099516789356187e-01
1.270857989929776756e-02 2.730217219669446860e-01
3.047335073620577317e-02 6.218843568644685099e-02
2.014838394451446413e-01 2.310317716691833723e-01
1.567935375373964713e-01 1.348801843053088756e-01
1.425967899909453829e-01 2.922539355000547401e-01
2.448095062704513658e-01 1.618561527068784799e-03
2.989168913044066289e-01 2.815590764874621454e-01
8.521907787659817324e-02 9.248453806484643880e-02
1.882850970461796558e-01 1.144874559595307900e-01
1.254692150578992083e-01 1.287066373565622646e-01
1.930817480868433356e-01 2.366012188559876162e-01
1.899143603548719417e-01 2.373791322389183223e-01
2.207111284524786166e-01 2.010066564872522443e-01
2.690588205267383307e-02 9.402557009459633353e-02
8.705096870924382280e-02 5.605237613630707078e-02
2.838441941622168313e-02 6.221304342576038093e-02
2.334780148661370902e-01 2.011572287689830651e-01
1.070877474606818508e-01 1.885408597815105558e-01
1.851658340196393748e-02 5.596056300929098254e-02
2.902336108163844353e-01 2.050013776703172030e-01
2.812648396647715043e-01 7.814281727749727846e-02
1.267420603384530053e-01 2.026865754635392147e-01
4.025519089787000376e-02 2.308210321068975834e-01
1.313341249418532863e-01 1.565366207559061237e-02
2.707075493470896196e-02 3.376844610123071883e-02
8.388993857679683322e-03 8.564611113438135373e-03
2.465948885831206194e-01 1.569590386759909528e-01
1.818097043085607767e-01 1.547581313517945034e-01
7.049611353432214123e-02 6.538106072104639399e-02
1.588179751609804236e-01 1.078844483479136571e-02
1.655785138292526770e-01 2.626523913123356979e-01
1.360761449072113716e-01 8.480195097136801474e-02
2.933063334708427283e-01 2.064208023984599183e-01
1.374068258674921439e-01 1.883311255675353679e-01
1.888727946070158648e-01 2.519158660815247752e-01
