1.469405436873705006e-01 1.819181493114765680e-01
1.956233474287856211e-01 1.488444961684446122e-01
1.251964000744850980e-01 1.964149696663138045e-01
8.526781953157877569e-02 2.143969356193458353e-01
3.184704770048756017e-02 1.263100309690854128e-01
1.810634863219071911e-01 1.952216022169564469e-01
7.118488670979802868e-02 1.241539613218380911e-01
2.671752613505252658e-02 1.685598326501567268e-01
2.807079735916027108e-01 2.693952099344420819e-04
2.050548617463645307e-01 9.008165298139146626e-02
4.241940427184495016e-02 3.455452941567015157e-02
1.086767231360456949e-02 2.740014824171618235e-01
4.970102077266175256e-02 1.405944929483488315e-01
6.254464492650133045e-02 2.834536433622145690e-01
2.731417418556450483e-01 2.926556050358733452e-01
8.445987786872832803e-02 1.735423830914820109e-01
3.317195437363906589e-03 1.442520849778214896e-02
1.851926111410578668e-01 1.227537491887727983e-01
1.298620326359836707e-01 1.939463425240603167e-01
2.942338671306584663e-01 2.617169648459936604e-01
2.327997413440133223e-01 2.732600272422467946e-01
5.208902349842565310e-02 1.306861672289712228e-01
2.594868869511524623e-01 1.612747590048297930e-01
9.000786935206252226e-02 2.744079751254442368e-01
1.471439623339510783e-01 1.504052332687699223e-01
9.855546160285876336e-03 1.628630892999973212e-01
2.250677229048567707e-01 1.513579811476059300e-01
2.875434387912642054e-01 2.065917318310943329e-01
1.925730795062594591e-01 7.046976511030200729e-03
7.487576868284075149e-02 2.924937283641578234e-01
1.994038658297265232e-01 2.886721047628173498e-01
1.666428386752031865e-01 1.405515284343682170e-01
2.454437816165838671e-01 1.169565697878636734e-01
2.639920035090899120e-01 2.690670599257674045e-01
5.358962731724766643e-02 1.837537638116900490e-02
1.167750630989774635e-01 1.910631241744767950e-01
5.323280995005983535e-02 1.375239023906252023e-01
1.116080041132703760e-01 2.282281813460940723e-01
2.837973271540924491e-01 1.368678313503378652e-01
1.336419081820990618e-01 1.934492895950537805e-01
9.256957865229986301e-03 2.338700590932811796e-01
2.515398283832289139e-01 2.472533674002418969e-01
4.967139209929106319e-02 1.327134373211575347e-01
1.436787756119671244e-01 2.362349801918390765e-02
2.682093143196251361e-01 2.437463131840464370e-01
4.279338034165657001e-02 3.835506703517218424e-02
1.589614681306622812e-01 6.480893537607153310e-02
8.841057783059402819e-02 2.688931509256017871e-01
1.944641838765235331e-01 2.791458961797892505e-02
2.268506570081543772e-01 5.776438900220203995e-03
