2.572412623748765448e-01 5.860973789889611929e-02
1.461893813617364535e-01 2.778858688655467812e-01
1.553525516894520286e-01 7.456895080311949642e-02
9.266110303099615864e-02 1.028091857950329119e-01
1.002228224221950459e-01 3.207901651992221825e-02
1.009128447134314543e-01 1.036703260852752245e-01
2.541896992285843093e-01 9.098079907506241570e-02
2.512215301612217289e-01 9.629014103579403017e-02
1.749276761568008820e-01 2.245017300059494736e-01
2.263854614217832850e-01 2.455987508733434299e-01
1.296857335674928835e-01 1.718574510919895215e-01
1.834739202925962931e-01 1.566566266439454735e-01
8.215411061826038974e-02 1.803600257751853120e-01
2.009003680090967192e-01 2.794727291281797199e-01
9.832864863511343867e-02 3.126001432954390175e-02
2.601134287884137031e-01 1.957027285170819531e-01
9.341389648767568776e-02 3.569849768843388199e-02
7.271283902689229528e-02 8.357199348340983713e-02
2.837142172297438814e-01 2.753082739109911636e-01
4.089489660453853037e-02 5.387256366009220837e-02
2.669918164626084445e-01 2.454692381654115518e-01
1.480976278614705988e-01 2.441901111116315803e-01
1.930055207371660364e-01 1.833423421470449233e-01
2.689619291652651234e-01 2.981483506105779835e-01
1.420384595849604088e-02 2.890276249312567769e-01
1.639271131643749435e-01 6.670702205020788422e-02
1.958995233058407337e-01 2.580305688140960840e-01
1.576783517330613005e-01 1.427238808542111159e-01
1.189382574772557544e-01 8.397831221933650669e-02
4.416693087926504280e-02 2.561750646084087202e-01
1.972758954792482033e-01 2.975067391920056536e-01
2.673876602169013572e-01 8.911686983397592784e-03
2.468082874266622206e-01 5.789090039830066536e-02
2.901246498714861732e-01 9.289574450767191030e-03
2.801376629144124997e-01 2.564796402297063738e-01
2.028344454640399197e-01 1.073270880960503354e-01
1.320846112644896153e-01 2.120334873486189597e-01
3.761797937028743544e-02 1.486545424401142512e-01
1.123422176269582157e-01 6.191790826869590647e-02
1.147227306306138755e-01 1.094759488070456560e-01
1.129732812577052825e-01 2.312008548088103355e-01
9.935485114048187016e-02 1.763897444466119013e-01
1.193164456811516977e-01 2.125244635883484778e-01
1.252068634588994131e-02 4.000762251141598558e-02
2.022914064740454210e-01 2.948373446937013198e-01
1.459959925327358465e-01 2.979049667064201934e-01
2.610370645618499408e-01 2.131610223079586086e-01
1.345995370601740238e-01 4.016359217078433602e-02
1.869542545234894881e-01 1.639784256890225722e-01
2.629217022783530977e-01 6.860577111549003015e-02
