1.518633096755245548e-01 8.595823354623442769e-02
3.785723394547639564e-02 2.122765859402111488e-01
7.398504522626050961e-02 1.597109660527980812e-01
1.873099557782448021e-01 5.206447087817313996e-02
1.919221011976895708e-01 1.358047035513894329e-01
2.604789020309306591e-01 2.357429954136925354e-01
2.539115673266469919e-01 1.430170659174245240e-01
9.321103901742465447e-02 2.872268661319052341e-01
1.536249934712079768e-01 5.455278720313457702e-02
1.274515457430562548e-01 2.793193023713749779e-01
9.997156179742562598e-02 2.130684283908172161e-01
1.216937595327146661e-02 4.446386854016297352e-02
6.158692111011303261e-02 9.074914576636336494e-02
2.396973923023232311e-01 1.706022996329464025e-01
2.930257181038808389e-01 2.644040074746756286e-01
1.707915962880780236e-01 2.341695034743830894e-01
2.937516016800456042e-01 2.999393521553194164e-01
1.785849189920850066e-01 9.827062367724821723e-02
2.354214183542010230e-01 1.216442373203081850e-01
2.410697929371590290e-02 2.041415272726838370e-01
1.421810928829257414e-01 2.780997478291870606e-01
1.773099658508140164e-01 1.802764631141945961e-01
1.478628225822161413e-01 2.983426399754835479e-01
1.358565236187049274e-01 2.463853104266198746e-01
2.322339452878453003e-01 5.210402516412906276e-02
2.369405915089365100e-01 2.574037410791826797e-01
2.747580698954592004e-01 1.554966846516588619e-01
2.698716732200844848e-01 8.805266983550849580e-02
2.697921638312085202e-01 2.768136646690161351e-01
3.388214098546141889e-02 5.838182110152041054e-02
1.488408777831164154e-01 1.497065826765597019e-01
1.352122983037249981e-01 9.414441395803939405e-02
1.161452183787458764e-01 1.548284526038273268e-01
6.145528422486100373e-02 2.222657178869900940e-01
7.070901971734698532e-02 1.077314177972415049e-01
2.597560793218960384e-01 3.607871003193025700e-02
1.137991157818106502e-01 2.792688661622782509e-01
4.178620086884505397e-02 2.926239609982319023e-01
1.769590204411432832e-01 2.936043000888183818e-01
2.035081641538732389e-01 1.250734712329674113e-02
2.292846865129040679e-01 1.627561896658830665e-01
1.470012091154008493e-01 2.339884652156648537e-02
2.292583841836257907e-01 4.084835202513372593e-02
1.276077473939238316e-01 1.413741602601678859e-01
4.414789266184025729e-02 2.935680552597572102e-01
3.551701450473147836e-02 9.383724131657579515e-02
2.037938104311549092e-01 1.902317542676729978e-01
2.396613202894589956e-01 6.513142819728558186e-02
1.110255507313023943e-01 2.255530379761452042e-01
3.420712504676215546e-03 1.857963676012684695e-01
