2.301786876737812182e-01 2.125254935431359349e-01
1.690603806534944076e-01 2.774859930824683518e-01
2.333876332646213636e-01 4.303595820039451611e-03
1.071920932684553573e-01 9.144308060831769780e-02
2.030381930605923702e-01 2.138390448538580457e-01
1.845326252960571012e-01 2.786478240308820631e-01
1.800812397314297819e-01 1.099735270451241004e-01
2.020864601077676515e-01 2.914170876751849271e-01
1.601423541638921644e-01 2.708638981347670227e-01
1.258852655562440470e-01 7.599401024554239270e-02
2.466365989701430339e-01 1.932968805353521557e-01
7.001651345729580089e-02 2.201676418757960163e-01
1.114667213462781220e-01 2.932337469606841052e-01
2.058507807131199352e-01 2.666232467998908562e-01
8.742918125203087698e-02 9.285321205945294698e-02
4.066446064864170820e-04 2.687945060097276379e-02
8.924325141159779318e-02 2.796415938228858367e-01
2.753777967805852711e-01 2.522319810505406767e-01
2.044543364406979924e-01 1.351040284863335439e-01
7.578691832324006838e-02 1.576724296290504257e-01
1.628755506502765904e-01 1.524509438539437822e-01
1.328488524462186626e-01 1.719035768822221172e-02
1.187714672010428685e-01 1.130328318835326362e-01
4.495040027539647098e-02 1.326238889903671447e-01
1.757382672282937763e-01 1.969327526245749915e-01
1.393496400391311119e-01 2.586975936997001346e-01
5.224662822817176255e-02 1.760163758595177097e-01
1.789644121558178758e-01 2.596785334220271801e-01
2.735047673638916210e-01 2.780295886144341089e-01
2.134436601549246082e-01 2.806423949304404086e-01
7.530832317617837390e-02 7.447096788283863456e-02
1.894734992939675067e-01 1.474191364344208943e-01
5.387195250740271779e-02 1.534622136171114211e-02
2.498468401406863659e-01 1.080468597201113684e-01
1.502019513306342147e-01 2.775282328594497108e-03
2.862644362008289756e-01 1.509430875762151902e-01
2.823358369963603343e-01 2.123858453123193823e-01
4.749051509143150523e-02 2.147055816241587034e-01
9.618879366777068063e-02 2.911166300294658615e-01
2.183347604873810827e-02 8.563602654740061493e-02
1.475473012946367513e-01 1.025694917642284570e-01
7.289803831180617644e-02 1.053098810929192775e-01
1.527073780418105320e-01 2.262176421822593986e-01
5.903037635977866765e-02 2.507224029535495835e-01
2.406904435224986871e-01 7.113069078555547819e-02
1.051431314938374439e-01 1.675936853348179434e-01
6.527386925661217421e-02 2.411272195820820807e-01
2.407048391089360306e-01 1.219458848727891231e-01
5.854657274652515925e-02 1.164940287704885336e-01
1.766344527073071269e-01 1.637921204705968525e-01
