2.028721197995287662e-01 1.927462168296197043e-01
4.607497014713457344e-03 2.778882522169354718e-01
1.032692665044887418e-03 1.847548257065503297e-01
1.821561099349403856e-01 1.819928793230545239e-01
2.908954135025558774e-01 1.030012735020882642e-01
7.162841828881214012e-02 2.695355177045319905e-01
7.638860734755867354e-02 2.460884342264819946e-01
8.110458240454171408e-02 1.809434815985185296e-01
6.596365814812721329e-02 2.849078562649552948e-01
6.912123165710984396e-02 1.812018892278703663e-01
2.568322529110607100e-01 1.500197957399392323e-01
6.148171390042300732e-02 1.347077975689895402e-01
1.906456321404924881e-01 5.427652323412202051e-02
2.129283000534939185e-01 1.693355488230850747e-01
1.751451284356171298e-02 7.460003625775231406e-02
2.027696419307642717e-01 2.839225124444774706e-01
2.134889023414154596e-01 1.022849020899848221e-01
2.443401879015416611e-02 2.624998212436212008e-01
9.687740460668099740e-02 1.234152915903757031e-01
2.027325859536842079e-01 1.228704872819561672e-01
1.056427760916861108e-01 1.113913333222885244e-01
3.962300292785520678e-02 8.149817261948889835e-02
2.837516195581901157e-01 2.371743254689259450e-01
3.491171289625039174e-03 2.589672899899527203e-01
9.289728182406199741e-02 1.836666077607565228e-01
2.615799976057793241e-01 1.578319660148738701e-01
7.180651077190249032e-02 8.311741249357328110e-02
1.621681613378451181e-01 9.800480610177832175e-02
9.687883038387799794e-02 1.549520368726564623e-02
1.970862195497194436e-01 1.282297941206438259e-02
5.289258824687931987e-02 1.086841095634886317e-01
6.891282914155452688e-02 5.104485251108092404e-03
1.696280674480802331e-01 2.243206344131945529e-01
1.887266053925681641e-01 7.941518260619430392e-02
1.104977318528259783e-01 2.802894697382097844e-01
2.735934335646480337e-02 6.211236546019333754e-02
1.162937509198469360e-01 1.024070257226526587e-01
2.487330224863787409e-01 9.342438933393075462e-02
2.738931857303655848e-01 5.590869341054361015e-03
2.312521774070737113e-01 1.180817173441956955e-02
2.235869751305287756e-01 3.203987983791382194e-02
1.424436740540288293e-01 2.728633786433664124e-02
9.346896207490199004e-02 1.271234194842878473e-01
2.135159380702738585e-01 3.598223919882096583e-02
1.700317605722623249e-01 1.928738956838020949e-02
9.433000548656707285e-02 1.763798507434035656e-01
4.445853651918826172e-02 1.019875684864333248e-01
1.355254791994126018e-01 1.150736380343702070e-01
2.063015763355878773e-01 2.481911372195040322e-01
2.336575664757700177e-01 1.906708305111018131e-01
