7.226437758168031966e-02 1.004826632751605608e-01
3.703230344248263639e-02 2.074957852453300500e-01
9.860505681992076665e-02 7.385308789079882141e-02
6.445619988782053111e-02 1.602498077534995069e-01
2.837230864719866297e-01 1.372513923396334601e-01
1.962873037408782162e-01 7.241294726620610411e-02
1.776563963311006134e-01 1.658743976858057523e-01
9.323128982932993303e-02 1.725263167371831885e-01
2.706157959154062431e-01 2.079912668812854137e-01
1.247736783366574093e-01 1.393977364616842407e-01
1.232496217914806763e-01 7.183874967282454687e-04
2.825582898559473866e-01 2.206434067881558880e-01
1.782018054806308316e-01 1.269361488893571144e-01
2.223838366216920881e-01 9.646953149893565393e-02
2.526829881937119882e-01 8.504069724466026270e-02
1.758770566475639230e-01 1.879373983211544419e-01
1.163006758421406550e-01 5.114957618657057364e-02
2.385033624880917025e-01 5.766291732748732302e-02
2.598590592636798591e-01 2.936591451903773353e-01
1.629737201365058508e-01 1.848421546495882251e-01
1.280428250793320122e-01 2.698770477065322027e-01
2.088420103461709754e-01 1.650785304299071388e-01
2.138461118548938555e-01 1.706051809283537501e-01
1.141731359663978040e-01 1.569676180814446043e-01
1.694273618993063224e-01 1.200008639068390337e-01
1.927384345468324267e-01 6.586659860708254932e-02
1.223157885420424751e-01 1.577087182232909945e-01
2.893229675958727820e-01 4.871231741940786758e-02
9.908114688215305388e-02 2.097402424507018859e-01
1.491445293431478969e-01 2.548005931988747697e-01
2.977883040454365471e-01 1.598278404844842016e-01
4.570024902214453455e-02 1.524424576828277977e-01
1.035304616641320036e-01 8.112957756044894553e-02
1.583774277282077592e-01 2.566070411178540955e-01
1.213864115012215916e-01 2.625955082352635084e-01
5.685775788828660582e-02 2.454282867219085007e-01
3.896361588091505623e-02 4.512981531723867651e-02
1.068044201107744146e-01 5.263755747949174640e-02
2.122798891019690715e-01 2.005882896762828382e-01
2.046787956058078173e-01 2.962735547338322672e-01
2.970828445745630209e-01 1.178170296191320687e-01
1.323842866775256089e-01 4.218245756209437649e-04
2.848640712706552655e-02 2.597891887792204077e-02
1.247933579839474207e-02 2.224104743456355449e-01
2.747387136132801166e-01 2.203677657335556539e-02
1.669523915276406589e-01 2.289369179891428685e-01
2.762282314281935824e-01 3.966409938483861364e-02
2.183793433092799108e-01 2.547723590577795003e-02
2.903777711965508934e-01 1.335746092538177832e-01
3.400943805592664126e-02 1.067815738879317744e-01
