2.965586255952816774e-01 1.679500361931338115e-01
1.866031826133878191e-01 7.702422540916270544e-02
7.760490106022503720e-02 1.638924422959091021e-01
2.285496100559223920e-01 8.247616840912636027e-02
2.299237183261960971e-01 8.942954580881634641e-02
2.160609568918398227e-01 1.315143576858459618e-01
2.378964746217259174e-01 1.203470308641226699e-01
2.987704681324531153e-01 9.387748897235899392e-02
1.961886038946067390e-01 7.625813323834806576e-03
8.129374630397950829e-02 1.475880254172260986e-01
2.358026849073887043e-01 2.454748454376381450e-01
1.663538117117296100e-01 2.133216852260404750e-01
1.174640504998545054e-01 1.458825046859869579e-01
1.291415766526465558e-01 1.873685273901056769e-01
1.867906390264175986e-01 1.892773632923247865e-02
4.581768953483002921e-02 2.485672155638740666e-02
1.781169560147513320e-01 3.049619301097781024e-02
1.411374827517436759e-01 1.686121155221306095e-02
2.335983347319355030e-01 2.685848240790292829e-01
1.152712407180745968e-01 4.208378559883579895e-02
2.575502563117637034e-01 9.947556430673980266e-02
2.438647479286033259e-01 2.844967577910487710e-01
1.345314012526302172e-01 1.467909870045525922e-01
2.404744140697313570e-01 1.309859010284431524e-01
1.779195082996440080e-01 2.179565670946254363e-01
2.200442445615552745e-01 2.794627157418116958e-02
9.666561454690447350e-03 1.877945098607419483e-01
1.931963119668015372e-01 2.557840714330539833e-01
7.426798134794633521e-02 2.063275723928872651e-01
2.658330526963675888e-01 5.293454800049457627e-03
2.721773742046632028e-01 2.329768649520400636e-01
1.155500219718278432e-01 1.058460094050141381e-01
2.875867153530131670e-02 2.573900387936523537e-01
4.108239007429358158e-02 2.619573157141127373e-01
2.487681721094208431e-01 2.669584303549036863e-01
2.194232290593936541e-01 2.824677040322806643e-01
1.874336424572349002e-01 2.923186389425926346e-01
2.179687153057208171e-01 1.609229659843134375e-01
1.158087973126386006e-01 2.551164753704663890e-01
2.263309768186873849e-01 2.898757350598446525e-01
2.390756964388605077e-01 2.879927401906650641e-01
2.321259183524812877e-02 2.679952027468245901e-01
2.053878150762450949e-01 2.152547928322217086e-01
1.918785486394111728e-01 1.826879806567492104e-01
2.516795629799722933e-01 2.595297502272806978e-01
9.512517276529192101e-02 1.021536170532652416e-01
9.465192179044824849e-02 8.100370338407267279e-02
6.774622374701641525e-02 1.503548889618547824e-01
1.939138792383997834e-01 9.313560920383720521e-02
2.850584429795333108e-01 1.657453317243330268e-02
