2.747868453534666258e-02 1.838435531650751409e-01
2.935862242329834726e-01 5.806027511246920209e-02
2.329079232199236515e-01 5.420307625567455552e-03
2.558315784419496475e-01 2.981543177039564507e-01
1.339966801232632954e-01 1.921375533673505900e-02
8.591847248280826133e-03 1.571232535014087661e-01
5.464403245415113547e-02 2.584055532409056458e-02
1.788534301752158287e-02 7.511724956165354017e-02
2.765274924839078996e-01 2.394104027810925739e-01
2.415673115178144648e-01 2.353619339505358954e-01
6.307427400719853305e-02 5.380246743666709103e-02
2.047077349051251716e-02 3.853387241415152237e-02
2.803467011581181056e-01 3.539502679817974062e-02
1.093273938714516835e-01 1.201419030624430173e-01
2.372312270100821463e-01 2.103447304830911302e-01
6.703465306871154994e-02 2.974408869638490160e-01
4.703102906016942697e-02 1.107962600574908946e-01
2.585986891115071296e-01 9.363075515496639689e-02
1.753463202257139197e-01 1.255757937769980126e-01
2.586238411425579864e-01 6.542210453195395833e-03
1.943669934598333537e-01 6.938137276654192387e-02
4.267782552389295242e-02 2.683357128010613879e-01
1.984685429741926688e-01 2.494054159823867745e-01
2.468677565764621495e-01 1.881657735192130421e-01
1.147051366211672280e-01 2.788205591297605521e-02
6.057596238147786027e-02 6.022288984807946249e-02
1.657102338145767517e-01 2.769845744719075936e-02
1.027330388597684913e-01 1.637682058377308014e-01
1.790536524550438990e-01 2.234457090206565522e-01
1.052235146683148798e-01 8.160333896945362597e-02
1.336724669817198896e-01 5.315341913710341926e-02
2.410032314659210084e-01 1.716917776894134884e-01
6.280978149982419274e-03 2.942860523307738729e-01
1.072506785844878768e-01 9.523132157511395024e-02
7.591942546351364285e-02 2.538312253584355527e-01
2.381436434659723322e-01 6.456025629050660131e-02
2.406131565502611647e-01 1.181328572566405222e-01
2.655651919505919722e-01 2.132915565925080637e-01
1.832566398978287825e-01 2.225540867476750451e-01
2.368914152444020205e-01 5.336460684614800776e-02
1.698172009782380754e-01 2.929364834253619376e-01
2.096828119174532767e-01 1.297276699249273468e-01
1.308571666813516388e-01 2.430360829638862075e-01
1.619333500871268650e-01 5.719599471881997577e-02
5.440815075662640277e-02 2.405855352855104656e-01
2.397045149643572699e-03 2.404582217591615945e-01
2.726318948529622421e-01 9.894210082030424624e-02
1.599636367999552611e-01 2.990404007707719303e-01
1.219902859404127238e-01 2.790133861742212229e-01
7.268993723468004930e-02 1.473769766204670872e-01
