2.151789558732565555e-01 7.718468966817605692e-02
1.199073733606937503e-01 2.568574600138580008e-02
7.513091942825148029e-02 1.378923610957550616e-01
2.024378027178107275e-01 1.499285185026747180e-01
2.042379500165829864e-01 1.295055988611622799e-01
2.877562207953100470e-01 2.965611534265726323e-01
2.339194088145829797e-01 1.682545434184519115e-02
2.044920133814810970e-01 2.221962896243396546e-01
9.081215336428080653e-02 1.600499269791966772e-01
8.060517147132731375e-02 5.684986544872754066e-02
1.424249575699518267e-01 1.060645978644867843e-01
2.564109174725715534e-01 1.012332271051115118e-01
1.418987116287339367e-01 2.718063550140203399e-01
2.310290030260073735e-01 5.484452768890701879e-02
5.680852830182250846e-02 2.687353606220937996e-01
1.063608034637641558e-01 2.130474309566814106e-01
1.201839081138678100e-01 7.281445261943436664e-02
1.782215881502184907e-01 9.474153605792218213e-02
1.886189522885028114e-01 2.432986211462922488e-01
1.946818352820569031e-01 2.370603991839426161e-01
2.687576282022975382e-01 9.882052660127076116e-02
2.093406013316040370e-01 2.982437516887763707e-01
1.184163392429476158e-01 1.736167849794022777e-01
1.907798589109243881e-01 1.858187849874540568e-02
2.755642818366239033e-01 1.911523440194854706e-01
6.291152550753209040e-03 7.964332754446712750e-03
1.489295518903372140e-01 6.527359424010081845e-02
2.262975350536837182e-01 1.856937166514887119e-02
4.544782378388484423e-02 1.610348079766283358e-01
4.288917787750432670e-02 2.640434865344338244e-01
2.812160197342000734e-01 1.590707685711731378e-01
1.780884723153977056e-01 2.754417598967524028e-01
6.317799459193336464e-02 2.673981845134565938e-01
1.719685647977998444e-01 1.697812942443560069e-01
2.973341977791355006e-01 2.383887553427189721e-01
1.674809089715457652e-02 1.677682388390592805e-01
2.002158804906516154e-01 2.266612850069495422e-01
1.578376673200587998e-01 1.485566181209138914e-01
2.041182706372531852e-01 1.495980018163263134e-02
1.096443896806517798e-01 1.124840799993992030e-01
2.996379010718141500e-01 1.377814814398527765e-01
9.125498018880252860e-02 9.381036680881204431e-03
2.763884191989024464e-02 2.620090179289699117e-01
2.107786254091057465e-01 2.030240384624172056e-01
2.155134601853832266e-01 1.591414258246872659e-01
7.511914239003150695e-02 1.109628773316783806e-01
3.280266255181141233e-02 2.045587374733682517e-01
1.683231194773532058e-01 2.250003187424681472e-01
8.041297158845193971e-02 1.227980149705409224e-01
2.292253508954619767e-01 1.923267153999849155e-01
