2.502600544323440590e-01 1.781442626712464727e-01
7.785144415696200471e-02 2.778236310136592557e-01
2.478567279311222893e-01 1.252203831880437102e-01
1.695162850782367669e-01 1.423278195228117049e-02
1.984021179327302986e-01 6.541253572787056325e-02
8.368724535448784918e-02 2.787916948379816073e-01
8.443755786716466982e-03 7.443434188129566254e-02
1.274388876979264118e-01 1.657659445991463698e-01
5.258473230556981459e-02 1.674830101142169292e-01
7.297029278429140176e-02 1.077644402013459152e-01
2.816072781585762796e-01 1.996005663054156998e-01
1.528239106516954549e-01 7.154251709347386745e-02
2.187217288439582685e-01 2.156882324010567509e-01
7.334018451995968912e-02 3.274815873180314529e-02
7.996396408388556365e-02 1.401245931110272347e-01
2.980779502601319519e-01 8.144292358316135294e-02
4.091565191806099261e-02 2.922691611043691795e-01
8.042146059126929758e-02 1.561961861430067322e-01
1.461490933441668139e-01 8.469149930487830658e-02
2.476364587799050887e-01 8.675558883715413228e-02
8.383017949726300627e-03 2.159126347353450548e-01
2.808305751464122424e-01 4.469259782779022756e-03
1.312769923471731603e-01 5.646340390383416952e-02
7.537811728173536563e-02 9.542129815595824793e-02
2.386901242139609358e-01 2.975535133536348353e-01
2.037769232485798498e-01 1.950931236595905560e-01
1.811974656631778480e-01 1.712417457825954337e-01
8.354593060608181410e-02 1.959274852518008980e-01
1.713940779118291735e-01 1.676924524221833634e-01
1.871620353587283292e-02 2.983549061484722098e-01
2.064699160260120847e-01 1.854192946840808320e-01
1.889317267121775057e-01 4.027662817557352282e-02
2.741731098122366928e-01 1.934412599688363765e-01
3.892840503993821779e-03 9.294616959361730324e-02
1.722160936625149741e-01 1.520114828301216692e-01
2.383102804183501178e-01 2.336475234379437049e-01
2.934328835974467919e-01 1.200988092565485887e-01
9.539984938784164259e-02 5.002951745225515251e-02
1.189176769275074180e-01 5.830119520450657150e-02
1.529427809637254332e-01 1.658921701711389973e-01
1.307871392534591844e-02 1.672435434939419929e-01
1.019039129712544511e-01 1.803899573193800954e-01
1.041678678960689108e-02 6.481776722200442709e-02
2.005469448356505813e-01 1.632947738544425764e-01
2.064365313442863559e-01 2.651659728651540315e-01
1.527384726219975508e-01 6.399580974760438190e-02
2.003648430206542430e-01 2.956613443898308824e-01
2.286656806737887848e-01 1.371320631741795859e-02
2.265747306021742569e-01 3.749740043227921260e-02
1.094178322677835380e-01 9.891686531558585571e-02
