2.628396232440537994e-01 1.861757083137287327e-01
2.868886932989472283e-01 1.102841914237452231e-01
2.153799910569331819e-03 2.842104451628321704e-01
5.902694044922772443e-02 6.544627033112140890e-02
2.293182882791671706e-01 2.911250918755020622e-01
1.460741450812945603e-02 1.266928290608941576e-01
7.424566704916395199e-02 6.757795629417774619e-02
2.689365307658246329e-01 1.666356456361068605e-01
2.767423836121488678e-01 1.070345806152287610e-01
1.554679596342518622e-01 2.719504781814786054e-01
2.233421192513401210e-01 2.622795090792927053e-01
1.267074455751920903e-02 1.975809306510665497e-01
2.601924448572603965e-01 2.751287574196033536e-01
2.200976849163707449e-01 1.151663325458542331e-01
2.395555584388601722e-01 2.035465385353079359e-01
2.118384905808695373e-01 4.100113653014803711e-02
1.211903324145826022e-01 7.111721895061934307e-02
2.115390864403066951e-01 8.764798924560494864e-02
1.195242767330162437e-01 1.911726756009949069e-01
2.036514847054066712e-01 2.674818886683529295e-01
1.344988417501773448e-01 1.692668181567562879e-01
2.344773196043725971e-01 1.621434261783206987e-01
1.442120512611310135e-01 1.679443468787606142e-01
1.332554948449107268e-01 2.982747059273354040e-01
1.278051527743321591e-01 2.228534859166219351e-01
8.216180394619150562e-02 2.527777013039470000e-01
2.046225860634366123e-01 1.685209669763721718e-01
2.882269668004892038e-01 1.910273174107556260e-01
2.517540763794948178e-01 2.756480236455030042e-01
1.821313450619184426e-01 2.931910469748416070e-01
9.137512384241108093e-03 1.344251970668750018e-01
2.975456665454741523e-01 1.784989629191441052e-01
1.994891663596998037e-03 4.295086367029691404e-02
2.442711993950654192e-01 1.518479415316925374e-01
1.576306019315646123e-01 9.731803359894640806e-03
1.023197966290370214e-01 1.262572367976955989e-01
9.222628705503198299e-02 5.572477421201641606e-02
1.202976299806159943e-01 1.418313020171096950e-02
1.493326003098787436e-01 1.955561409886802660e-01
2.863723389028293154e-01 2.081051172973549107e-02
6.334352463746850508e-03 2.399585959647358435e-01
2.229563925977204597e-01 2.945877548072687868e-01
3.027102841314950263e-02 2.534346820358571173e-01
1.201192529779683826e-01 1.084389513209419870e-01
2.231591830609150617e-01 9.499069624980829851e-02
2.180078410375501097e-01 1.331546788187696617e-01
2.729889321129483695e-02 2.113616063852090110e-01
1.718180582026016812e-01 1.657540146342111054e-01
2.281699176076503743e-01 3.812120758745513038e-02
1.525141191934678009e-01 2.885766509786714118e-01
