1.457409416803990276e-01 1.011578280574260552e-01
4.945553290468549662e-02 1.230741852219285892e-02
6.938641002546097614e-02 7.771762644788338115e-02
1.917527918391203068e-01 1.296475885473857836e-01
2.015906604945006397e-01 1.585120490221406386e-01
6.322038378435448913e-02 1.208537236679005644e-01
2.784590378262624122e-01 2.622397818328519592e-01
1.071292053204112547e-02 1.073637409591388647e-01
1.769204574422907073e-01 4.238204529286399708e-02
1.825968162030974229e-01 2.132266851676946351e-01
7.093130316196129270e-02 1.693125319755796332e-01
2.679251721281443732e-01 8.371773901102598503e-02
1.583640436950893918e-02 1.111713198219685533e-01
2.769077513932396983e-01 2.182218181098321275e-01
2.434120055484532974e-01 2.232504016938509014e-02
9.883930791247770575e-02 2.916563069201230651e-01
2.428080212315835429e-01 1.987402405275542211e-02
1.503284341320142159e-01 2.133711854711753397e-01
5.072721287573602605e-02 1.426654957057795492e-01
1.943124493000320807e-01 1.775532772952559402e-01
1.099532702332699230e-01 1.798758080330744580e-01
1.969880606667422374e-01 1.056647070238212610e-01
2.822710778055860792e-01 1.728941188276516827e-01
1.330500035744867637e-01 8.185933901566347370e-02
1.160057670170524524e-01 1.661631619169927354e-01
1.724160791305983376e-01 2.095683175123795594e-01
1.087017604727935627e-01 1.043206455582078584e-01
6.621770659012744809e-02 1.251383787570591044e-01
1.618753253872086961e-01 1.791843273286742033e-01
1.006122259098584798e-01 4.742016644519126550e-02
1.158266525156226717e-01 1.189434887999593488e-01
1.555723508524383680e-01 2.858182782850170467e-01
5.088007439031180107e-02 2.446961224489084888e-02
4.453596352080979592e-02 1.390938553944702678e-02
9.024188589885080714e-02 2.119751180254589307e-01
1.892602869190577464e-01 9.742689255586088615e-02
8.904719380280307073e-02 2.935716551110784112e-01
9.531854065323872027e-02 1.400698152992610745e-01
1.542463102534224750e-01 1.360308992226388070e-01
1.171033674730735108e-01 8.763154270309921057e-02
1.497428748312794496e-02 1.583728332815478590e-01
5.752939253990489721e-02 1.795164573175586642e-01
1.063535256931998629e-01 1.387089505796890998e-01
2.418318773791393664e-02 1.843524332581434610e-01
2.522784272557199170e-03 2.872567015625953624e-01
1.781445595602981768e-01 2.859062947835981916e-01
5.034281245785279107e-02 2.710204483496536643e-01
1.708450864402390190e-01 8.676627529170784225e-02
8.411288587233922698e-02 8.080577706980365815e-02
2.463542059409369323e-01 1.304975746161216865e-01
