1.168226618665295508e-01 6.762667697950304480e-02
8.276115409085765817e-02 2.295267325835735894e-01
2.781875858728087292e-01 5.500070202149490856e-02
2.146993876257171918e-01 1.784880446241018659e-01
5.975668912173898867e-02 1.555483644964093803e-01
2.956337683139459993e-01 1.199415698113712736e-01
2.499676067059873608e-01 1.598991793681717177e-01
5.612550937133498757e-02 2.723881228507555111e-02
6.570720025853085677e-02 1.757980008053479926e-01
2.233343255275352102e-01 2.514268014089303116e-01
1.028221160309963494e-01 2.346551971785845458e-01
1.753830691092886362e-01 2.571893947749186449e-01
1.057055042383943516e-01 2.687509725808754357e-01
8.161382712668566186e-02 1.619519040009682054e-01
1.998728906045220965e-01 1.578215981637997103e-02
8.827950342528338712e-02 7.222093718644395643e-02
2.333266523384550373e-01 2.306170595508285071e-01
2.120392880384363854e-01 8.599797407188448928e-02
3.924937256863031410e-02 8.230143513336876659e-02
1.492633106322449480e-03 1.501804688645528851e-01
2.326489063853496853e-01 1.043133705597895089e-01
2.959207082586756687e-01 7.175628511329623475e-03
1.600318670063990284e-02 2.612403253095109679e-01
2.163904050019559711e-01 2.492328413704644752e-01
1.187079765843472856e-01 2.348746735612954606e-01
2.060145493408152562e-01 2.700629499682685730e-01
4.976475982137199688e-02 2.662407493926098323e-01
2.374539323209264863e-01 1.237513906288497667e-01
1.174859006278068108e-01 2.282817971702080506e-01
2.098361715234965674e-01 2.849832161315125068e-01
2.231889606555460814e-01 1.572995410482243284e-01
2.129268250953503805e-01 7.277833315535582603e-02
1.882375266292336535e-01 6.676903118994652331e-02
4.295834017857962095e-02 1.053836250061832708e-01
2.634782300505756902e-01 1.718499244975622287e-01
1.262484378554955822e-01 2.812733496419524415e-01
2.030676400497447298e-01 1.874434942825208283e-01
9.063915151613786969e-02 2.422371327085196535e-01
4.486387349755995707e-02 2.030437835372533861e-02
1.501891077772186112e-01 2.370736984377072032e-01
2.226550361081273688e-01 2.725480863014008714e-01
2.348516558662562814e-01 1.069374376067164928e-01
2.154321903666068724e-02 2.960691109275399580e-01
1.639172743916880448e-01 1.009605722912553932e-01
7.426951621232109890e-02 2.581751297828401848e-01
5.556034364149999710e-02 2.375999759984793666e-02
1.113870902083211462e-01 2.023491998946313781e-03
2.445978171563445436e-02 5.002232618778668094e-02
2.911310337480980115e-01 2.150420189983916208e-01
5.692827907069170079e-02 2.601943410050848171e-01
