2.831387536465081456e-01 7.772895541493185729e-04
3.769656956939643200e-02 1.615361750902134241e-01
2.784132248331741902e-02 6.265253260060185680e-02
7.570228798228452460e-02 2.209194892714830272e-01
2.412715226383841394e-01 2.351886971316253794e-01
4.157146216525225979e-02 7.734261361197920792e-02
1.346531832556469022e-01 2.265829585882463693e-01
2.146162773340901386e-01 2.748387171713376209e-01
3.765905149738546509e-02 1.346724822639315533e-01
1.127953403197789889e-01 2.203781059892518379e-01
4.465270491621359250e-02 1.570911138532155304e-01
1.362887807838691900e-02 1.996021398777366590e-02
3.422063869846281303e-02 4.144462569312686723e-02
2.515319874749343820e-01 2.439564830931960082e-01
3.536175091919260133e-02 1.479171255057570855e-01
1.941818759572188358e-01 2.135762758425564511e-01
1.606351957004192588e-01 1.415141684879892524e-02
2.637708955938546929e-01 8.823488283427924350e-02
2.104251593816984789e-01 2.974942218810603389e-01
1.518202207181963137e-01 7.121680292104023979e-02
2.879222541219710885e-01 8.887568519372653075e-02
2.980340109039736340e-01 1.422296414749241455e-01
3.303984013199875308e-02 2.046868269489230674e-01
2.915663015834250027e-01 1.969751219475106840e-01
2.697226044649086441e-01 1.393459660135143441e-01
1.770583130573408492e-01 1.153734014550660547e-01
2.078353019649534505e-01 1.754580378651349470e-01
6.194160689917638934e-02 2.963854118192612019e-01
3.890241622702963337e-02 1.479342694285039339e-01
6.832035827118998754e-05 1.513152999040599973e-02
2.049607562192862220e-01 2.890412629691728186e-01
4.356350631204230529e-03 7.558498821297397752e-02
1.652203682479499447e-01 1.692310824626394039e-01
9.496788001140722690e-02 1.472871752232219611e-01
2.365316050248296165e-01 3.160122396320447224e-02
1.035669440069361125e-01 2.936513758424390552e-01
1.959199938918583794e-01 1.145014201902325862e-01
2.460554129960884628e-01 1.952679839078302060e-01
1.765809347574397170e-01 2.652053844575311681e-01
7.842657203095533547e-02 2.172805240047636921e-01
2.167485582089612173e-01 1.065179341769163235e-01
1.721961527343904563e-01 1.002893468283782563e-01
1.009192633314047183e-01 7.303801143798423212e-02
1.529322486147790400e-02 3.894579367495842881e-02
6.580567376714521743e-02 1.492092290335522752e-03
1.114417933672134792e-01 2.792193945783938425e-01
1.884468850167382026e-01 8.187473974338654870e-02
9.506179119902412322e-02 1.008682339569242636e-01
1.825386843228185008e-01 2.894567072789345219e-01
6.682778572760363078e-02 1.494416712698125871e-01
