2.844661312492618999e-01 1.778863187252052447e-01
1.753192570483012303e-01 3.922019053599225952e-02
2.153369902035437711e-01 2.921936547614135682e-01
1.217130038152483135e-01 2.037295316411336932e-01
2.551423287323790756e-01 1.343204924245038623e-01
5.569626642980291670e-02 2.361038768411243827e-01
2.624967213471393612e-01 1.181304562705139810e-01
1.533054075322280718e-01 1.195741371249332552e-01
2.093122626953153598e-01 3.594965863434732706e-02
9.214420716758728314e-02 2.754358908844613957e-02
1.024180930170930509e-01 1.010483082679915073e-01
1.080548394487652192e-01 8.026745625905672837e-03
9.530564311286855717e-02 1.258820542805921538e-01
1.482641162736320906e-01 2.364268079436309400e-01
8.877429931076820380e-02 2.779368140204881987e-01
2.923325079025893558e-01 2.182121866445276281e-01
1.490708386865411128e-01 1.801302614211869046e-01
3.541999245778883892e-02 2.471832509982991311e-01
1.493208036461375343e-01 5.026663718061373520e-02
1.897190959551253997e-01 2.866308054821112838e-01
3.019438860123775312e-02 2.740542408482498637e-01
2.824345337141070389e-01 2.619446574320432042e-01
2.901889386922139602e-01 4.441351414340953541e-02
1.051196933313442439e-01 2.719947174856759964e-01
1.909480432504928604e-02 5.556032451581969372e-02
2.174664058241886078e-01 2.586438363800952489e-01
7.078675323407461473e-02 2.918734061565267934e-01
6.841396767836388504e-02 1.969255128836993607e-01
2.338059387620125551e-01 1.043007812408632412e-01
8.210677311102977660e-02 1.870916937636042388e-01
2.417046655618498019e-01 2.959750694562299778e-01
1.047877969090081490e-01 4.969745947965402422e-02
1.873293349802680752e-01 1.234525547416693014e-01
6.099727367646351484e-02 9.594764941357544763e-02
1.007498462804858746e-01 7.301732981591803340e-02
2.174819298850015903e-01 2.863928973993105642e-01
1.279993888617774189e-01 1.792492870909089542e-01
1.529699718729922719e-01 1.316007831888036661e-01
2.004826184070006290e-01 4.520520974300927530e-02
5.601816250600699827e-03 9.652326541576818075e-02
1.886760444984264540e-02 1.126788573310786579e-01
1.632520107298687517e-01 3.217139648509424743e-02
1.036879364998291725e-01 2.388936972909370959e-01
1.705856801359956210e-02 1.376294025797899223e-01
1.922350274321459884e-01 2.695931673644492155e-01
4.602516712261577048e-02 6.921344466851953210e-03
2.207117652128911256e-01 2.114289562782206422e-01
1.511900427761721788e-01 4.025305352649152096e-02
1.869833081145557407e-01 2.530913337681872100e-01
7.767774427842177865e-02 2.639554789787352251e-01
