1.356679376920373326e-01 2.937558044663333701e-01
1.301370260661334141e-02 2.150353010982264668e-01
2.856458912435295150e-01 4.449161031462473687e-02
9.495580143756900127e-02 2.610088618514396774e-01
2.928435072809570383e-01 2.983483804425847152e-01
2.148661649282970765e-01 3.323505941206573305e-02
2.545852635018097110e-01 1.230073478540758963e-01
1.803282381170763227e-01 7.744881445389197039e-02
1.916392018291523947e-01 1.215995442220191708e-01
4.546860062397922730e-02 1.064225208190153343e-01
1.148061690580895466e-01 1.191041333404021796e-01
2.256202985266539396e-01 2.993441335262375103e-01
1.466028170723169544e-01 2.166026559277625940e-01
3.619031501146958291e-02 1.823253012739533552e-01
1.125464089708024806e-01 2.876146984963945386e-01
1.353037379545636854e-01 1.384481163251118641e-01
2.332089613324749844e-01 1.991869946067979236e-01
5.508091690818030933e-02 7.066443701666376420e-02
1.015980297492683621e-01 2.069920945486184993e-01
2.752282697853524751e-01 2.407354526950175599e-01
1.624593880802749357e-01 8.247608740750910286e-03
1.952538725282849108e-01 7.697202616621955096e-02
8.685201847986251389e-02 2.152526452747981558e-02
2.642515229849232150e-01 1.101597727190256198e-01
2.007253692912581988e-01 1.352925322178787915e-01
2.447172868005428881e-01 1.149290327886990093e-01
2.629705816366686433e-01 1.564795231735759407e-01
2.797814792984086862e-01 1.573617458404829861e-01
2.678171258858029202e-01 1.732736022585003310e-01
2.203129995456887813e-01 1.123388870124131939e-01
1.848177173410227303e-01 2.640399125590683904e-01
6.713638503837049409e-03 2.170255647519485076e-01
1.466378073976744856e-01 1.422139008919227343e-01
2.577873932524368805e-01 4.093746166306966999e-02
2.776277830148807246e-01 2.258209004072337378e-01
7.342036568325634172e-02 2.585177257311523369e-01
2.227477225264189731e-01 5.852435898616593218e-02
2.177759541611443972e-01 1.179893030481623528e-01
3.000892959433258678e-02 1.829657992614966144e-01
2.964465236815911342e-01 1.196983834280438697e-01
9.429068630203191193e-02 2.375179516651998723e-01
2.362872393409345406e-01 2.273373296888030470e-01
1.764207113370221125e-01 8.594721989949465069e-02
8.892874204629569457e-02 2.326815609781196503e-02
2.395696698580228601e-01 2.242124510953759919e-01
1.161292454158402987e-01 2.477780113380644578e-01
2.620266806501365675e-01 2.757275277161691518e-02
6.614472535647232532e-02 1.475740091369621976e-01
1.442119286996396410e-01 2.238217889634525337e-01
7.818895484353827197e-02 6.831586402892959875e-02
