1.603587695285720593e-01 1.707232386619463305e-01
1.578464182392968207e-01 7.093061076927080488e-02
1.500023198773727529e-01 2.701346872257444631e-01
2.885040601913113623e-01 7.380354678298074733e-02
1.723714043153135311e-01 1.910904861320913695e-01
3.161635962298831037e-02 6.108723934459215493e-02
1.702943978478191067e-01 2.830675595436484282e-01
2.453228339820091516e-02 2.947032188594029822e-01
1.646368021619499522e-01 2.679534816140102249e-01
1.477347300883248560e-01 1.698648513979162666e-01
2.918146637814715838e-01 1.317051955322224022e-01
1.588666426359292838e-01 9.818681841635340524e-02
1.179306380024255502e-01 1.916153654795730576e-01
2.081300699539937182e-01 2.451929171547760355e-01
7.825020884696405610e-02 7.278805924145170803e-02
2.751321472604928431e-01 2.902829960641451490e-01
2.914379832381558955e-01 4.886615169336642334e-02
2.839464051934220135e-01 6.617423333166912169e-02
2.170181174297627635e-01 5.640269506843104130e-02
2.926441071820404249e-01 2.284142751432785279e-01
7.856920289101056165e-02 2.993786497819607706e-01
2.367546389075428914e-01 2.679169011438055081e-01
2.917490713947758496e-01 2.278453240202434060e-01
3.530747624911556581e-02 1.395994847791479365e-01
1.358162812186357038e-01 1.067917963394711955e-01
2.563765357223411478e-01 2.849303568763852379e-01
1.689689810165869999e-01 9.455968643091780534e-02
2.404943633838484418e-01 8.573827391996997893e-02
2.060975356510364731e-01 1.975960667638113621e-01
7.531380016889606399e-02 1.260730197039478528e-01
5.097921195640096881e-02 1.664586334628229691e-01
1.143585259497038042e-01 1.163318582627014819e-01
2.059903415267378690e-01 1.811198628574551550e-01
1.088965953772707829e-01 7.330595114000321155e-02
3.010670919161465356e-02 1.673448993318379652e-01
4.953817646039415006e-04 2.971547213232105245e-01
2.007082799467757583e-02 1.242497339328076239e-01
8.160823418482884839e-02 4.696887105615854541e-02
2.531304865983655464e-02 2.653909888016153795e-01
2.121925913310423462e-01 5.483166226390218112e-02
3.142708875471102864e-02 1.618456024510077917e-01
1.401435644152508597e-01 2.419449776088399562e-01
2.476816956793906621e-01 2.972456208545294354e-01
2.575130860824212387e-01 3.624484088424929223e-02
4.963953245783844087e-02 2.672967422692946737e-01
4.396963868145820249e-03 4.618019084056109586e-02
1.995862068722639160e-01 7.167955871131004297e-03
1.731005970000366601e-01 4.863948297318297642e-02
2.899493820103299369e-01 1.201253812010040778e-01
1.269398942856953538e-01 2.402733718079558822e-01
