1.286058301363580403e-01 1.940617688795309159e-01
2.533800850582902942e-01 1.438529229816158939e-01
7.505230567166291944e-02 6.084957827117062901e-02
1.328411847886226682e-01 2.214443266893766360e-01
2.460839874509540559e-01 1.195135635787810124e-01
1.275420193390312262e-01 2.989560626144056044e-01
1.291342977799538605e-01 1.963896627985561860e-02
2.130295506193286004e-01 2.253581007478682730e-01
2.741649518614724945e-01 1.103292138072741180e-01
2.402268470573354908e-01 1.229944520941975705e-01
2.581365311781300131e-01 1.340636241480867297e-01
1.869389792194369251e-02 1.875539466779949926e-01
2.903659081260347996e-01 8.261578776665126633e-02
1.892071037970869674e-01 6.051089847269197457e-03
2.930335477458007043e-01 2.000872546666508101e-01
3.568274447900442181e-02 1.255418812366061176e-01
1.973807204363159373e-01 1.018797532429866065e-01
1.161326793052936263e-01 2.451928025859548624e-02
1.483785078657841316e-01 8.330261401587833736e-02
2.159024406664143969e-01 3.014212271160440076e-02
2.938972487526874122e-01 2.569411232530535161e-01
1.579873984422061339e-01 1.752506033964688903e-01
1.872085086681843091e-01 1.905693485089063055e-01
1.977155907747893959e-01 8.295957829427817731e-02
8.814954285911233423e-02 2.501002977456429077e-01
1.619956578204777287e-01 2.708550876505820826e-01
2.781085962927922761e-01 2.959987583781891196e-01
5.272989705106457398e-02 1.443140000734037531e-01
2.930677364949215713e-01 2.312318141544073002e-01
2.745586342604935393e-01 2.025718533238039520e-01
5.203245125185429476e-02 1.007653162465240865e-01
2.953931559257964579e-01 4.236547768569409733e-03
1.448865549272941033e-01 1.536392605362780703e-02
7.386867444321085219e-02 2.290112959398634962e-01
1.143034191578821135e-01 1.222644449555868873e-01
5.210702186428101818e-02 1.972913581148634174e-02
3.114663161603557773e-02 2.017389318891629479e-01
1.511288454678139381e-01 2.337101897378389970e-01
9.734261910587907463e-02 1.326432077867264192e-01
1.417247459690729227e-03 2.379885039097742183e-01
2.769046377730394193e-01 1.606654926524273830e-01
2.958608324420492486e-01 2.204287199787777207e-01
2.528003131639283141e-01 2.030929885468655549e-01
1.818109399168041096e-01 9.860269696657020244e-02
2.241541732020660982e-01 2.282482317009968953e-01
5.098774514586430079e-02 2.902393356135926639e-01
2.962074565838230811e-01 6.453278256227434678e-04
9.165380675475907901e-02 1.729628862349662233e-01
1.283435935364750091e-01 4.637820869956610359e-02
7.349927535391372058e-02 1.717906912081408055e-01
