2.244693108799021286e-01 2.312214124583238939e-01
2.498191803394803623e-01 1.006534430590760171e-01
1.227152652656152143e-01 2.544753599276238787e-01
2.195662506803646441e-01 2.685720658199678978e-01
1.504810968165695706e-01 5.187471388662508870e-02
1.976423898732476703e-01 2.713895413382226840e-01
2.066262785613090236e-01 1.108898321981566281e-03
2.447073881689222907e-01 1.533365821462605860e-01
2.186357143428513394e-01 5.013752091158874685e-02
2.657056879649737358e-01 3.763939883270234210e-02
8.711683592672067600e-02 1.780203813598740525e-01
2.707135060647269942e-01 2.058962691807857404e-01
2.704151268285555632e-01 6.853321582669860690e-02
4.014115509062255588e-02 2.539032151343105781e-01
1.153301065016900800e-01 2.099619759809574424e-02
2.564137425988296387e-02 1.055439120340975340e-01
8.736252348450841698e-02 3.811539955793173673e-02
1.684519989366522197e-01 7.224035353039126583e-02
1.171473042776701584e-01 1.454367022488337879e-01
2.264363481139845813e-01 2.797235534208958319e-02
3.021054759049108737e-02 2.067013495039805859e-01
2.530397708474940721e-01 1.526432815883875527e-01
7.783418395773789022e-03 2.247802365252774340e-02
9.123957084947376117e-02 2.393651613423904839e-02
1.478452392670680793e-01 1.262237872407597494e-01
5.731654936468685846e-02 2.856797019762449819e-01
2.485516717553944988e-01 2.892907124315041711e-01
1.310507085507887914e-01 1.474028273968177316e-01
2.625656631311508102e-02 2.869589798193085059e-02
2.754784758549474466e-01 4.872515399948768727e-02
1.534940875489495538e-01 2.815643618773692736e-01
9.313608770605645570e-02 1.856674929743779012e-01
2.921993670922019559e-01 2.714431838175291878e-01
1.644557196838160318e-01 2.966773076534271261e-02
5.581753375939577794e-02 1.086511549300319679e-01
2.805192987768209689e-01 1.881070890012353780e-01
5.373437904974229934e-02 1.158796769561085543e-01
2.153590342387037143e-02 2.549978433782414955e-01
1.982158184450058813e-01 1.527860662543365500e-01
2.228743160025278280e-01 1.198470328109871585e-01
2.131808154803047084e-01 1.588107885487404225e-01
1.598485318016503731e-01 1.670904968364623766e-01
1.727435819365341074e-01 2.186123043079425954e-01
2.680536290775248354e-01 1.723389970356745404e-01
2.742148129041611648e-01 1.269290978850781161e-02
2.884035083776567698e-01 1.096262807069066023e-02
1.917100288770580141e-01 1.493086075318028338e-01
2.034347126700163655e-01 6.081060832572538627e-02
9.388982812267507305e-02 1.965948707339658097e-01
1.130113992486277419e-01 2.886533392683809374e-01
