9.833631109727276887e-02 1.802858331161885652e-01
3.188367788338619755e-03 4.892600396678304514e-02
2.344635095970884833e-02 1.499246016927181790e-01
1.398939721914357892e-01 5.183539566866551818e-02
1.487197999305280016e-01 8.326714916740529226e-04
8.984598244558784919e-02 2.346062003281115804e-01
1.348180627841243928e-01 1.326517526096122335e-01
1.268651466288317209e-01 9.644493133679081509e-02
2.891163475977645905e-02 2.200079398965120447e-01
1.197823045811604592e-01 2.970719895894208262e-01
1.844153087123714951e-01 1.510232457846913678e-01
2.860019120458607289e-01 1.855570875238498341e-01
1.095026154615307834e-01 9.917078095204136245e-02
2.704124029133513352e-01 1.410800336357649898e-01
1.425030377423026906e-01 2.992564855634824994e-01
2.076318103670320714e-01 3.695794364318999436e-02
1.464785010907483920e-01 1.645131730968188710e-01
2.963621105389091515e-01 2.560697624413439399e-01
1.908519003574143669e-01 2.573232957038145696e-01
1.254289455340918125e-01 2.767746352097368301e-01
2.862461149514382575e-01 2.349610217206984653e-01
2.602418417742846397e-03 6.015006198561207579e-02
1.211228883837470183e-01 1.072998120046707998e-01
7.632523933978610509e-02 9.413722206484281818e-02
2.370046844432288080e-01 2.681934041663887602e-01
3.883173387531657639e-02 2.002146905847737579e-01
1.501504419082718977e-01 2.359912152254388940e-01
2.196265864695758629e-01 2.774333790409599376e-01
6.857417076456091831e-02 1.446111790168180533e-01
1.906855143043992840e-01 1.427480276525144309e-01
2.653736638333749065e-01 1.275156217960485006e-01
1.026900771850171590e-01 4.934396142150631725e-04
1.447198876425801195e-01 4.386488121157979675e-02
6.020717546845527623e-02 1.873238267524196532e-01
5.811708033209371516e-02 1.485710763614578878e-01
2.166423237179609940e-01 8.342874659511155533e-02
2.345424015586466959e-02 2.787095097444469705e-01
2.571440092131458410e-01 6.545909392599115473e-02
2.493297294554437382e-01 2.613304755066081508e-01
1.030736096865425416e-01 5.848224739852309756e-02
2.238834929202916935e-01 1.214123468482821155e-01
6.155118128921039516e-02 6.430414344386328751e-02
3.637300261940393936e-02 1.777353523016403924e-01
2.753090534957234325e-01 1.679015519639182052e-02
2.001240973472123430e-01 5.019888907871756373e-02
6.163492356398888455e-02 2.712898357955601525e-01
1.379053153999250658e-01 1.369951352304119019e-01
5.349310021666475734e-02 2.734256450542532080e-01
1.937144355719566391e-01 1.700461455637767294e-01
1.245008570042620000e-01 2.573068454994111853e-01
