4.373599910706536115e-02 2.941840158835692387e-01
1.483216092746584835e-01 7.200032155618231455e-02
2.622323708493193295e-01 2.692323725085534747e-01
9.615616670172916214e-02 1.285868004202416759e-01
1.644738686261464355e-01 1.558830171262388931e-01
2.472260446585146931e-01 9.083259768467681627e-02
2.705801344396822072e-01 1.427098504894097897e-01
1.362039127507079783e-01 2.991903050804384234e-01
2.360762543112812639e-01 2.760535792779889031e-01
2.328939336964172546e-01 7.815229530895272114e-02
2.902541548287324025e-01 2.283543336744006669e-01
2.433377385758529188e-01 2.430606362470250081e-02
1.863107237190028131e-01 1.577614973210735017e-01
1.647079082395916660e-01 2.278825625775480201e-01
3.447252721322458663e-02 4.217956394490431776e-02
2.592112550222414602e-01 2.527157821291862172e-01
2.223836546363212596e-01 1.053171481047564667e-01
1.309231338321481530e-02 2.264838733542520188e-01
6.831174138341226942e-02 4.479741449424470140e-02
2.391904286029976068e-01 1.856391647029983216e-01
1.641796952709646540e-01 2.117239437589921516e-02
5.869930486531138580e-02 7.883536784783100326e-02
5.187566966479666142e-02 1.982166604109845409e-01
1.113324535356899486e-01 2.334868163184475875e-01
1.043597186687943018e-01 2.828966218829419010e-01
2.131526014886095666e-01 2.587023809254309636e-01
2.783975963199094572e-01 2.589671984918393011e-01
6.323739920275325832e-02 2.573118608678528485e-01
9.396322805464929484e-03 2.548045133687877883e-01
2.321108869429908961e-01 1.873685763165106044e-01
1.622122158731222341e-01 1.917444663182766573e-01
2.205300113155894970e-01 2.613178577607839226e-01
2.447632588461990943e-01 2.084065072560699894e-01
4.677327229123222352e-02 2.850506612913174531e-01
2.182419263836493373e-01 1.664865954067326070e-01
1.094444537104042048e-01 2.295814226243859668e-01
2.974940698845490727e-01 2.935017168080245598e-01
2.062220462249452491e-01 6.801190638333395877e-02
2.393380019709867301e-01 2.190143086571796627e-01
6.338703322145984587e-02 2.373058058729849429e-01
1.895151291928438286e-01 1.882709355863127210e-01
9.937136783070704693e-02 2.641028685176515789e-01
8.549523368524922229e-02 2.217753699688957136e-01
1.405632451031123831e-01 2.439599537878879287e-01
4.567067907386743869e-02 1.658597527614857903e-02
1.402076426638165785e-01 8.371199515630360632e-02
1.881634560587008842e-01 1.286859176491715606e-01
6.231907198460323594e-02 2.272684516603162286e-01
2.973148675844497490e-01 1.817407725842814237e-01
1.488639122676501947e-01 2.515665410464776874e-01
