1.322673552462731994e-01 1.357721426529353292e-01
1.022316992306105815e-01 2.662229981000399093e-01
9.838650701803884624e-02 1.417785523619143062e-01
1.570788043645229004e-01 1.079813769857052852e-01
1.730179891988361807e-01 2.439099512979958362e-01
2.725138948816421269e-01 5.175443192296778211e-02
9.480021766113319592e-02 1.613303003765627075e-01
1.799392682330562820e-01 2.554896398731474894e-01
1.960333603362908184e-01 1.407715619523099704e-01
8.049541820763771172e-02 1.222091322796714646e-01
2.546544441692343841e-01 2.077288452313366118e-01
1.391176662620715321e-01 6.725487885150854828e-02
1.553411497099066452e-01 2.706609040931477472e-01
2.880557278321086989e-01 1.985325108925427295e-01
1.451971536938435892e-01 2.659791593467265569e-01
2.990224206930430229e-01 2.358489644520865847e-01
4.506450021746181284e-02 1.745807859477971624e-01
2.146788620460418351e-01 8.686647037864869692e-03
5.489549242195596035e-02 1.851445517137747798e-01
1.560530709025440520e-02 1.327120809920437072e-01
1.682697986927543521e-01 1.873294368356178963e-01
2.110132808037807825e-02 7.782953178229877478e-02
1.437847823956363846e-01 1.713464415253411754e-01
3.608100534629370137e-02 1.470993048934093050e-01
1.339345713504551116e-01 2.966336090436680339e-01
1.430283170800302484e-01 1.022251234158844070e-03
1.572452900055918146e-01 2.585094042851993068e-01
7.076601329602481838e-02 2.342844677352752258e-01
2.564321183682946592e-01 1.390521102322669900e-01
1.327327223151194557e-01 1.691213188657244570e-01
2.676740531025513792e-01 6.942829966832202160e-02
4.833859340599189897e-02 1.171575805564286227e-01
2.408207324035383998e-02 1.617721981595799871e-02
2.475480552340418583e-01 2.318444647066350908e-02
2.821184444580504547e-01 1.087956244104749948e-01
1.931952459081604234e-01 1.577674620320378418e-01
2.805885978770267797e-01 1.383821249482125593e-01
1.786149813690376120e-01 5.049479141694756569e-03
5.538057750341771751e-02 2.715049143762627848e-01
1.866325733779136964e-01 1.684940568791866988e-01
9.051115300527910745e-02 8.469168394584548898e-02
5.747849562982879079e-02 2.236986562972792525e-01
1.071054202699054346e-02 4.381312742778081804e-02
3.483283124643965500e-04 9.731759750462189162e-02
1.099144038641368393e-01 5.439435212090999033e-02
7.209033230759212540e-02 2.357859377324388328e-01
2.999974347375746198e-01 2.579305814207473735e-01
2.207198871032502729e-01 2.496231289981985513e-01
1.816154275446081323e-01 1.430688702665887102e-01
2.546936028745632255e-02 4.826131178255096271e-02
