1.272876005507529440e-01 2.310903496684741931e-01
2.727207823789355445e-01 1.505729204191024184e-01
2.800790076818295282e-01 2.410731655627881831e-01
2.733743960826928721e-01 5.323296530651809577e-02
1.567310575527011418e-01 2.836056728425827012e-01
6.080370077888780367e-02 1.851887645825635309e-01
9.948849471596744876e-02 6.035667390404415161e-02
1.262561897619409734e-01 5.625353117015993720e-02
5.106945481570762668e-02 2.918975693041035990e-01
4.649682278319518941e-02 2.646768462352242501e-01
1.754743801397446734e-01 1.129905901037745464e-01
2.530058692520680830e-01 1.462204667776694500e-01
2.218211232643744479e-01 2.192937138515870799e-01
2.437103570913918826e-01 8.337715656764106698e-02
6.644967326226437765e-02 6.300826323922958938e-02
1.915467969479551225e-01 1.708493448999118813e-01
5.878993122618820372e-02 1.031931334910403952e-01
1.376410934584394452e-01 2.711385136177247301e-01
2.720865715357616010e-01 1.446447727577253595e-01
1.791520103094202676e-01 2.884724740814728627e-01
2.978139117479511322e-01 1.416938960565985728e-01
2.285383489656838685e-01 1.698700314676069023e-01
2.275542977665579447e-01 1.940258354739021751e-02
4.893371173672471375e-02 3.269586082453068698e-02
9.863723160656114042e-02 1.815908259928000479e-01
2.650073737800719975e-01 1.635258443962961938e-01
2.072977338897664945e-01 1.834631139190595062e-01
1.397262679384207451e-01 2.288050413855014231e-01
2.106713041706732847e-01 7.468452866200379903e-02
2.801386959461987236e-01 2.170990723748592310e-01
2.395162665670030055e-01 2.237557783627679986e-01
7.102910869277841155e-02 1.466858276356862167e-01
2.227030251485348777e-01 1.297034996702588483e-01
8.978155892675365735e-03 2.423200500920853484e-01
1.576864988632363865e-02 1.980048523741773647e-01
2.449040305543082607e-01 2.445007111440683500e-02
3.029554206760735890e-02 5.745468878218594477e-02
1.350484969387031053e-01 2.383050054638033988e-01
2.421916028896319364e-02 2.167617860797446117e-01
1.628832113889540356e-01 2.952364416916189449e-01
5.631618143832273216e-02 2.268160900156385718e-01
1.467459493729025843e-01 1.172290711565642796e-01
1.078902913762202903e-01 2.731932490955770176e-01
2.320740396467827482e-01 7.106082147118004955e-02
2.375690751262245493e-01 1.473503850240184265e-01
4.506709844276581695e-02 8.930317694652974148e-02
5.985225803898769348e-02 1.374909290095370495e-01
8.896639467321097727e-02 1.831112007129366837e-01
1.963272142760517647e-01 9.649199363407179320e-02
4.649135535250350365e-02 7.815596985307539379e-02
