7.729167632577726640e-03 1.327990900556638189e-02
5.730518263354639902e-02 1.403910955137125383e-01
2.207691350970618707e-02 1.296315073744419843e-01
7.443301380643840837e-02 2.476554314714031757e-01
1.340043261081984016e-01 8.488817916281161946e-02
1.424578565443037903e-01 2.550895189077888037e-01
2.311202445979409006e-02 2.395668928637554318e-01
8.326407467947757879e-02 2.213881541718307477e-01
2.411422914392270522e-01 1.402138718983720889e-01
2.773906390186893223e-01 2.392913232127982792e-01
2.331073766835831673e-01 5.845639887761689552e-02
3.793397567633222806e-02 2.226442948652784803e-02
1.625151359269974005e-01 2.837297986790899285e-01
1.077725896842847003e-01 1.070037306632416335e-01
1.198869972756611696e-01 2.070215968886346403e-02
2.145895118681201974e-01 3.505487221219100169e-02
2.939010355907486494e-01 2.065754847063643318e-01
1.640287590359880698e-01 2.984140876245617302e-01
9.839980101166977133e-02 1.658460903583856838e-01
2.042522447764544002e-01 1.830923299086354428e-01
1.884329746844798370e-02 9.259922570329373603e-02
1.256923440807849457e-01 2.213459365897450237e-01
1.274125312685273070e-01 8.722155116855205559e-02
1.569486493779948533e-01 1.908344267626519986e-01
1.817686212481426367e-01 2.855275375381661762e-01
2.247774305442535592e-01 2.660623070670487533e-01
1.906931839866127520e-01 3.217345764954193665e-03
2.964819636327415964e-01 1.379821269942745621e-01
1.416140661449233618e-01 1.889999186716295465e-01
1.397497672165941007e-01 2.091473742243881995e-01
4.509638247826029678e-02 5.491028493170204555e-02
9.796124797940368445e-02 2.634191926152040786e-01
9.217127684776772745e-02 1.413148954478828101e-01
1.582257156016354249e-01 6.524982007979060472e-02
1.020671726844445300e-02 6.659899021342130521e-02
1.248554396496671104e-01 1.971845494877781935e-01
1.566625736397774526e-01 1.621863705944460443e-01
2.134266771094435466e-01 2.776016827750861227e-01
2.474342847971931769e-01 1.312957283822168975e-01
1.198446316716639815e-01 2.576674104825459888e-01
1.241544723360818170e-01 1.002200345876258086e-01
2.466337713323560887e-01 2.951862356961700296e-01
5.710887353487931889e-02 9.845893470284848570e-02
3.098299472800512822e-02 2.575245083295253368e-01
2.964022988434383277e-01 1.489058597685909320e-02
1.003381130006195526e-01 1.080799379927752935e-01
1.359742042233455794e-01 9.654122643189842756e-02
2.271932740804147588e-01 1.108995513749314460e-01
2.909769122644825234e-01 3.752275641643922771e-02
1.617702609198249097e-01 2.116675717017773087e-02
