2.225762001636183429e-01 1.089248616749082105e-01
2.768683657378133156e-01 1.001865628920312751e-01
2.827027168391642031e-01 1.875611015667985604e-01
2.932741626664346624e-02 9.661964966024506885e-02
1.398102325064633777e-01 2.974023729389720927e-01
2.394028004571234214e-01 1.040687379128392154e-01
3.984177614420468527e-02 1.088592527671772142e-01
2.222771458975107139e-01 1.692807625513416958e-01
2.516827654809123405e-01 8.246601311686770075e-02
2.678805409735254273e-01 2.423636549614291147e-01
5.150154834720264280e-02 3.375793190379002690e-02
2.366036347512105176e-01 1.261965792203460779e-01
2.346392959803446643e-01 1.723520803084374886e-01
1.443538405485778331e-01 6.119734265772205917e-02
8.387887962168482162e-03 9.595713875752140409e-02
1.364305622418489003e-02 1.507300637790480458e-01
2.190424857246261736e-01 2.582266487673826605e-01
7.101129958028612466e-02 2.582591547949344979e-01
9.974534736545097313e-02 7.159715624054892313e-02
1.034327827894575003e-01 1.094329750729875067e-01
2.673144485274081550e-01 1.960709480381913061e-01
2.133202166669943556e-01 3.565617130378769678e-02
2.498394529954102161e-01 1.760429984649153901e-01
2.278073768067471749e-01 2.964270120535978867e-02
1.856192078332518092e-01 2.969116272636566078e-01
2.610053100822805061e-01 7.160814844047383443e-02
7.482707471455034287e-02 8.692930053443291560e-02
5.429592371970337790e-03 7.594204825654422841e-02
1.276844541857826976e-01 7.059999140303773769e-03
1.764680593940209374e-01 2.866805573448042432e-01
2.284279429464177169e-01 2.023083931890884424e-02
9.813614689731177398e-02 1.711743676386399127e-01
2.083535652978069919e-01 7.057696018835364626e-02
2.333124938172538854e-01 2.411656468004609588e-01
1.423409415021806568e-01 1.644127170462511001e-01
2.164292833802189675e-01 1.309973803709298945e-01
1.104393793095954784e-01 2.764552267523244233e-01
4.449722202944770416e-02 2.392742308489306524e-01
1.392681555190443676e-01 6.334076286964036850e-02
1.643238906174377401e-01 3.957534522645606012e-02
7.402172254067693191e-02 9.317007127024806712e-02
2.604769924118954250e-01 2.775591332069441211e-02
1.956731265690821731e-01 2.832387581268540622e-01
5.426222396201256515e-02 2.276900930456516869e-01
1.198010865396758606e-01 1.930843633877478704e-01
4.344226808917078797e-02 6.069431777213957213e-02
5.146456478210550273e-02 2.327295690741692027e-02
8.907357146834871120e-02 2.764465104725774003e-01
5.825961321555823275e-02 2.942664034023738107e-01
2.140220099621937822e-01 3.813047325763870704e-02
