1.358101698045199035e-01 1.344960078696318118e-01
1.545887367930644241e-01 2.105776451127501156e-02
1.038353540526272406e-01 1.924940674087911863e-01
9.163766338950103674e-02 2.155424350408054746e-01
2.798056740183613722e-01 1.527483800190674312e-01
1.116538707755409809e-01 2.708748579667366041e-01
2.663508889892943210e-01 1.224892725736093646e-01
1.677290114686537659e-01 1.660110091328427170e-02
5.660188618764273177e-02 2.714319437371290888e-01
2.306272582509152902e-01 2.976126629989210293e-01
1.704777026049159594e-01 1.228720357169780786e-01
2.117874222549848140e-02 1.271629362098372906e-01
2.051731614857518482e-01 1.823641400282339509e-01
2.772044480131097832e-01 2.947806597999784728e-01
1.328429507581669611e-01 1.892668147762743558e-01
1.796215284385075661e-01 9.074349802897536954e-02
2.762074607370550439e-01 2.666336318022869967e-01
8.558444779702531480e-02 2.283726060390976476e-01
1.639885386085313326e-02 1.419518950841903993e-01
2.749476900696941062e-01 1.921058104262775013e-01
2.943787020772417051e-01 9.533569083162099500e-02
1.873428287287358732e-02 1.262505877434977053e-01
2.401628275920343614e-01 2.892329631074380125e-01
9.075522380953200685e-02 9.199023115527524275e-02
2.574413275408646840e-01 1.830160112967206265e-01
1.760574621730636447e-01 8.421721550036731724e-04
2.782587224611224874e-01 1.796391158222646334e-01
1.974596055798229222e-01 2.035815391057517743e-01
1.777214623454184683e-01 4.371431511023481098e-02
9.473231709362263386e-02 2.367931134307048324e-01
1.917475226709516312e-01 2.873029837212772719e-01
2.320180080177314252e-02 1.777499065596821748e-01
1.193839464961466423e-01 2.452580717077416095e-01
1.790456405618153501e-01 2.735307542627256061e-01
8.568844063516473097e-02 1.239077421245261545e-01
1.634646543499641835e-01 8.615463517274070393e-02
2.756830393320331904e-02 2.327936285971351493e-01
2.392895597794228169e-01 2.123393164119921628e-01
1.577931706363752129e-01 2.943885972835599829e-01
2.895890180814265080e-01 8.957066688557667987e-04
1.359714781074258250e-01 2.995481970035606123e-01
8.882118253398407770e-02 2.283922905305726253e-02
1.175848732659195012e-01 1.634105600297692806e-01
1.382717604576229609e-01 2.773459462869630188e-01
2.998510988053819382e-02 1.320692430845147591e-01
2.612659928632798945e-03 1.794992706559908335e-01
2.613030923931738414e-01 2.164708071421028446e-01
7.934889571728881430e-02 7.168280385344505401e-03
9.459229921923210938e-02 2.058760236212299755e-01
1.349466372715478479e-01 1.172432081981032853e-01
