2.898365275967176302e-01 1.093142377232776408e-01
7.908067561554432690e-03 1.118669508918911266e-02
1.025431144217007623e-01 8.693855175415686476e-02
9.132863122773106357e-02 9.454852337424786424e-02
2.336515955765361332e-03 4.233160573260025261e-02
1.265835870279779229e-01 9.224264515623201155e-02
2.408761149906000210e-01 2.929921702239515202e-01
1.747283689537031393e-01 3.565576828369169948e-02
2.133204556719086320e-01 2.172904051432802131e-01
2.317404894946505645e-01 1.435262335060007166e-01
9.705227555818102259e-02 1.289842177405810253e-01
1.267774860507679124e-01 2.044266797490029430e-01
1.170122413575509918e-01 2.561072445163634081e-01
1.824525267952874785e-01 2.139742967753358871e-01
2.318448773399365281e-01 2.510057841800870659e-01
1.658037750750485928e-01 9.869290666198808626e-02
5.748928941740419352e-02 2.512651747091678156e-01
9.698010110380873849e-02 1.331205221166717467e-01
7.432370899366040617e-02 2.199782493798203564e-01
9.054734027749834768e-02 2.028053578984398142e-01
1.967013459140670439e-01 3.104907203599923532e-02
3.953050662278822548e-03 1.418555642273422734e-01
4.703565783123503374e-02 2.592123443797437754e-01
8.362405220763768215e-03 8.997561983381721640e-02
3.857871818181568199e-03 1.521859883774892286e-01
5.660980017282698368e-02 1.663734733114196618e-01
9.692060440682147282e-02 2.146805268885449702e-01
2.362315386061859465e-02 1.736721381775233886e-01
2.284899728759816062e-01 1.280793055201020769e-01
1.310466121248785865e-01 1.980330220939437169e-01
2.756869995364034098e-01 1.660438050728954840e-01
2.674729611821627939e-01 2.792574312931926997e-02
1.822330839223793297e-01 2.142917031273612605e-01
1.331982714351622465e-01 1.351711439335509524e-01
3.702096390592796160e-02 2.750979645169180365e-01
2.889862751004719787e-01 1.383152512273467527e-01
2.558813662992324156e-01 8.834465078352515127e-03
1.233948958529979406e-01 1.706648229908306127e-02
6.713831781033429737e-03 1.612318114356579846e-01
1.870253882192906003e-01 8.647750581852310658e-02
2.178690857808229797e-01 2.646396905488029860e-01
1.723629330146062844e-01 1.635206751652927837e-01
2.576359804545597654e-01 1.660132490967262953e-01
2.365745790143228000e-01 1.071522790673507253e-01
1.172797076657190463e-01 2.281809877124444386e-01
6.704464248199444587e-02 1.349409204341054658e-01
2.768467525266302687e-01 2.556600771262654836e-01
1.499963597864599207e-01 2.777957797625920100e-01
1.046893079887692007e-01 2.844119566332101723e-01
1.641850977946991696e-01 8.568456099247241664e-02
