2.577460167116301104e-01 2.840844524532076254e-01
2.730634173946321908e-01 1.034328516172502987e-01
2.163902418836060881e-01 1.314172251892950782e-01
2.232050188794289791e-01 1.066192198032404476e-01
1.626942321493242138e-01 7.280251637054317715e-02
4.810761500350666658e-02 2.988377870102427725e-01
7.953546589245011345e-02 2.157783526563589183e-02
1.506034052029354420e-01 2.020018476941214114e-01
1.607791009525071646e-01 2.872543513400760973e-01
2.959614004811581336e-02 1.524799456983253199e-01
3.341677231010881793e-02 5.290452099804832803e-02
2.586310030571326579e-01 1.052948644164692915e-01
9.287972562913150709e-02 1.432891568727815979e-01
1.420958377490297575e-01 5.486507658908129637e-02
1.943916954357575999e-01 2.849542845994168516e-01
1.343279846038344418e-02 2.188104690005776565e-01
3.456598185408862184e-02 3.269915743031790584e-02
2.960216398603128796e-01 2.233095128325980269e-02
1.993941695235983136e-01 9.136576330640111196e-03
2.594738843192840316e-01 2.297396147456908302e-02
7.442356938287772450e-02 3.437963066114774202e-02
4.391685467088233402e-02 2.685649810743685473e-01
1.280979949497991766e-01 2.403224451841480813e-01
1.759751325116790943e-01 1.204611803070552156e-01
2.932197152652440408e-01 1.280447256784283949e-01
1.354621032394120886e-03 4.220126330037159146e-02
1.095197204503520899e-01 4.856195241403352819e-02
5.992250000236765128e-02 2.123362018604513513e-01
1.254413840872892162e-03 4.417065180017436254e-02
2.579061798535198236e-01 2.946976858276140754e-01
7.738988600296602127e-02 8.129973723588197754e-02
2.208905559612182878e-01 2.986049584332650577e-03
1.826708823144850558e-01 1.078356209019733503e-01
1.681970030939100580e-01 1.311060761468620384e-01
2.726901159371748484e-01 7.782275152816413299e-02
6.013715844648598319e-02 1.314433658692201745e-01
1.765486080634026400e-01 1.890485812153251399e-01
1.562696074218105358e-01 2.534257859448966199e-01
1.705233827178005146e-01 1.220918806141232417e-02
2.502574502515447774e-01 1.513757821225322209e-01
2.247883832454687925e-01 8.922298187379884560e-03
2.511641608586387409e-01 2.289259583705024470e-01
7.989685450833238639e-03 6.680209521872265688e-02
7.433725176838681947e-02 8.730427532619577935e-02
1.340586895788687671e-01 2.930645232524393129e-01
1.941392032503727882e-01 2.223579079161324204e-02
2.157987518324841827e-02 1.454319358554424790e-01
4.111345494544067086e-02 2.084889597792607130e-01
1.307641240970758290e-01 2.627872341143250856e-01
7.365414085438892755e-02 4.917502317922348848e-02
