7.831155021471127020e-02 1.943481092018919110e-01
3.999305506601805865e-02 1.629550966130024203e-01
8.185704378307645523e-02 2.083193398990858952e-02
4.473806170239075231e-02 1.713229898022291253e-01
7.639327093275183334e-02 7.539866513367281253e-02
9.980298142127928818e-02 6.272064797145728010e-02
3.577168271315360470e-02 6.554287297980400384e-02
2.579085988995665213e-01 1.543770568457744907e-01
1.147200749302852985e-01 5.650208457561486236e-02
8.896362302048684001e-02 5.257469631071311905e-02
2.185519728913551951e-01 1.075446527060926472e-01
1.536488786116438875e-02 1.576210569548839591e-01
1.443006183114458607e-01 6.079012177607898137e-02
8.973131660817175448e-02 2.585373977566567949e-01
2.885620044282967700e-01 8.020457401541692191e-03
7.748741651210244719e-02 1.617033588781255082e-01
1.059722073549194260e-01 2.869400494172753002e-01
1.891605014520870709e-01 1.936725023609958962e-01
1.830873845957376178e-01 1.226040684188013305e-02
2.162212436694104511e-01 1.385610399624329601e-02
1.905442719796103246e-01 2.244784997627711776e-01
4.641265417551902056e-02 2.593087304647803126e-01
2.630879497362763053e-01 2.228795541122172708e-01
1.427981803953651263e-01 3.560941412593431055e-02
1.851406760675534668e-01 1.088912484313617479e-01
1.562353599437461549e-01 1.667549384351808273e-01
5.915953951503345049e-02 6.179274453892644181e-02
1.868036078055331506e-01 2.990478904054916232e-02
5.720857062373713858e-02 7.753030535807538259e-02
1.634075836418936167e-01 2.531095568652089733e-01
1.815473857811964742e-01 2.269938184994669539e-01
5.983846176618751178e-02 4.407368387742338633e-02
3.254265929963690712e-02 1.690356471415266348e-01
1.140506121267376161e-01 1.008170539634891810e-01
2.287128157097534364e-01 2.536721204315287026e-01
2.081639896141070645e-01 5.328719624498823304e-02
1.033824070915829313e-01 9.962283566002171076e-02
2.446499997314039165e-01 2.381219057411781970e-01
2.592996489452358347e-02 1.847457579190465993e-01
2.603545201282001509e-01 3.469222878555615341e-02
1.503370954242581048e-01 2.928399024795397820e-01
1.633751342004358953e-01 2.614851022952779935e-01
2.665901553024359050e-01 1.657828012819057006e-01
1.917839636486478871e-01 1.968405285458055265e-01
7.698043941892752928e-02 1.217503240125348413e-01
2.317504935593450999e-01 2.821025254512181668e-01
1.326908505953371953e-01 1.995930845492644712e-01
6.240384754058751759e-02 2.231840689360313490e-01
2.970190499466673351e-01 2.848454398696735335e-01
1.304118144894337861e-01 2.717741265939685458e-01
