8.849775076378049721e-02 1.170773554380405007e-01
1.691028631654260261e-01 1.367060879336822743e-01
1.886440123564595353e-02 1.842574312808973117e-02
2.400625728455543229e-01 2.725001844843747412e-01
1.997954626369480291e-01 1.104943980124681313e-01
1.476555441279039926e-01 2.567611286672674686e-01
2.717484909870813703e-01 2.029848250507707841e-01
8.767301027922076717e-02 2.380481615743304524e-01
2.530284935945557589e-01 7.045393537775847259e-02
2.294574721601507494e-01 2.423029852830506370e-01
9.566175892592812535e-02 4.157500521178438685e-02
7.620295539680584096e-02 1.217281902829217138e-01
8.140013914009987250e-02 1.669730889644563121e-01
2.292785741969051994e-01 1.842265138960476056e-01
1.593902837223043489e-02 1.148059070350838512e-01
1.749276905373141899e-01 5.256524135003872583e-02
2.714392541296789529e-01 1.032608535804799416e-01
1.678169671146580166e-01 5.665743777058591252e-02
1.458527986762736817e-01 2.390679581104321327e-01
1.206805122147511788e-01 4.917622716686134016e-02
3.439688330122734478e-02 2.817179223392548559e-01
1.701848818635175731e-01 1.477875715171293458e-01
1.138491740287937148e-01 6.930283183712418471e-02
2.802911725320201275e-01 1.816717601194128007e-01
4.310889151812232617e-02 7.693747936851624836e-04
2.257459621346655232e-01 5.902238538200124673e-02
2.268191344714561852e-01 1.892787170078188697e-01
2.618821913814219360e-01 2.434160417671330512e-01
2.846069433771340473e-01 2.276695700606852224e-01
9.316987779314268858e-02 7.767266704255511300e-02
1.326789744781118052e-01 2.427032138898791713e-01
1.794991054602858294e-01 6.753771931794287642e-02
1.000444404916865232e-01 1.608294350134285011e-01
2.222516149282149911e-02 1.648166169176764062e-01
1.427107905201699112e-01 2.396340574998803707e-01
1.592370237480392192e-01 6.256894428229474447e-02
1.673474619760144944e-01 2.325037182007589354e-01
2.471699936550233456e-01 2.232445626782872394e-01
2.375355140549416724e-02 8.971731329739188188e-02
1.599733854649303955e-01 2.533636697573861674e-01
2.789077889357709505e-01 1.098420548432611082e-01
2.017019223120566918e-01 5.018976761406573894e-02
3.843503700004225615e-02 3.035594240527034193e-02
1.690444146622513688e-01 1.562045214807329663e-01
2.051029366594256109e-01 3.568951263340308655e-02
2.493051015013152683e-01 1.863751761068930049e-02
8.119552459358678198e-02 1.973700122808899338e-01
2.732473149046702465e-01 1.010219843273069962e-01
9.582710132988053742e-02 6.781399965836476529e-02
5.899692813547227632e-02 5.206827293407505219e-02
