2.116790159965691587e-01 1.576210588090488640e-01
1.870316908285503954e-01 2.734457802598664333e-01
1.365924647901805289e-01 6.898508406291571637e-02
1.483761103786055378e-02 1.457444682123321400e-01
1.700253371590825513e-01 2.227340240839564556e-01
4.667814916920889207e-02 4.744161708823352308e-02
1.740750903102393499e-01 1.836045001856084491e-01
1.614737876773494341e-01 2.929285235367918780e-02
6.132910870134395537e-02 1.411320426196029654e-01
2.333796675090773487e-01 2.916275826266482851e-01
1.332484012825847497e-01 1.732571444069360422e-01
7.003565796105688801e-02 2.531230521522340737e-01
4.652501550054322262e-03 2.893542725229865664e-01
2.624285714151471938e-01 6.700742318494891381e-02
1.876097513542822059e-01 2.566474614622816716e-02
2.631808413047039830e-01 2.278483561286129555e-01
6.599851692446213891e-02 1.779877971409287996e-01
1.890925093711728067e-01 1.674986744339114486e-01
5.389647502537579793e-02 2.007417717314569361e-01
2.497431151776927372e-01 1.809690817605129065e-01
2.236549516059176124e-01 2.794138169713180631e-01
2.517916796247094899e-02 9.446486954704458316e-03
9.240549639307085728e-02 2.917382882845913628e-01
1.492237145940909782e-01 2.793587322236221748e-01
1.732487126993202675e-01 2.646428478643652604e-01
2.825115478158675697e-01 1.294007323530075304e-01
2.298829903000166597e-01 2.236302551128800387e-01
1.112172208614822279e-02 2.652804258593159381e-01
2.574809791484622412e-01 2.772765206081519995e-01
2.012467815050222042e-01 8.465452427348811593e-02
2.018833054770724222e-01 1.787250089134810038e-01
1.485942993652943078e-01 7.325923534607094167e-02
7.799890920681985806e-02 5.928023299101148336e-02
1.197037061598035280e-02 4.921932217706026513e-02
6.008567311246414133e-02 2.245438677577379638e-01
1.224086603316066821e-02 2.783269871655924543e-01
2.002772893760716710e-01 1.938232187412371743e-01
2.778972574707568866e-01 2.629172269834576525e-01
1.572285696863916227e-01 2.010731465967499909e-01
1.875095114985287914e-01 1.367893300374649623e-01
2.825303091115224374e-01 2.797813239904989226e-03
2.272066403344006127e-02 2.763212719878540002e-01
1.752798766913018780e-01 8.621801675694294731e-02
6.391809845714850613e-02 2.183616641365215914e-03
2.522596929930516763e-01 1.088762493777602480e-01
2.630118814947734474e-01 5.240387487746998169e-02
1.804749952219615594e-01 1.886560823686312949e-01
1.744148364972918641e-01 2.341048434036215320e-01
1.103632231237921951e-01 2.655508144153144734e-01
2.772342109359290374e-01 1.733775494763868941e-01
