2.752975129607248064e-02 6.733797300818385179e-02
1.700575059184535331e-01 1.941985485475427597e-01
8.568714835104804250e-02 1.367179637738747122e-01
2.356079954595174941e-02 2.228795048114683708e-01
4.814939933908055775e-02 1.277454548870634865e-01
1.736471158259647873e-01 4.419014516083171612e-02
1.030485999052970919e-01 2.549526555200549716e-01
2.512975156011563183e-01 2.479880892546317273e-01
1.340730346568435316e-01 2.901142766060961220e-01
9.689096941685437434e-03 6.354266744709276271e-02
1.622601393172237727e-01 9.092741699746471895e-02
3.990766268960380808e-02 8.010396577604615709e-02
2.235717771014849864e-01 2.410421960311048550e-01
1.301167450796887060e-01 2.200113635148283342e-01
1.475435316127745589e-01 1.961948305470308240e-01
1.808784099125003431e-01 1.445044722651197266e-01
2.352970620514105160e-01 2.218784675075042290e-01
1.151226867758662620e-01 7.140888026201065719e-02
1.181380564532641259e-01 2.943958566089177054e-01
1.740518948714326053e-01 1.662549141699235511e-01
1.903807159553368988e-01 2.357199440312608418e-01
2.783786745857041445e-01 4.402176655793181570e-02
8.428450350446575756e-02 1.269898034253647834e-01
1.202259193782224608e-02 2.594163614368980575e-01
6.880432146665679816e-02 2.926809900976917733e-02
3.067948676449439027e-02 1.620017894683499771e-01
3.093175207387137415e-02 2.955571830581169013e-01
2.613594522666907727e-01 2.670522751436522069e-01
2.960579059039773475e-01 2.544330112872932870e-01
2.857319537092205541e-01 1.788421990590293165e-01
1.270228492675211096e-01 6.746100076208695617e-02
2.790356290962960339e-01 1.765187220554864655e-01
6.819558399957408035e-02 1.606298289844727556e-01
1.777815200668343351e-02 2.387707361012034527e-02
9.209161447952352031e-02 2.406298565877964257e-01
1.593955541045926072e-01 2.379634413083785427e-01
2.935060906199424835e-01 4.192902152240952224e-02
1.741970431279993847e-01 6.501002892023846624e-02
1.199976400091451317e-01 2.888275763826566589e-01
2.717147282134979580e-01 8.799349412528786885e-02
1.060290873997306593e-01 1.700010861063210033e-01
2.942708849445807573e-01 2.823293703408445987e-01
1.751691099036233046e-01 9.908404024840368474e-02
1.239095552155759089e-01 4.842552280126627418e-02
1.981682577128688616e-01 7.531159917136209803e-03
1.150016131175189832e-01 1.161298408269873517e-01
2.380435831175981565e-01 1.906311238802578523e-01
1.252627043322517564e-01 6.245436226330825652e-02
2.216689026484024994e-01 1.086795681117911916e-01
2.782005436951754951e-01 1.797720009715258471e-01
