5.170150540617102219e-02 4.728923502792706929e-02
2.473330904868841218e-01 1.430443348950900806e-01
2.810079675393423182e-01 5.952938627525547477e-02
1.469095868358738788e-01 2.236734221110159293e-01
2.087399708237603346e-01 5.599497797618602224e-02
5.429458216945651922e-02 1.373132850292994867e-01
1.587536168698431074e-02 2.962593992542072452e-01
1.106711428486045479e-01 6.160241959134612338e-02
8.735099770605560254e-02 6.156364581583650963e-02
2.195583650539574549e-01 2.510048130684509604e-01
5.850028549946778567e-02 1.098521877323713897e-01
1.620522220850999229e-01 1.964889718471465041e-01
2.942918251697849708e-01 1.241000118904418137e-01
1.461176016460742633e-01 1.507956135714563495e-01
2.383298876321063575e-01 2.798619652444551686e-01
1.876151893894536238e-01 4.345340466255082773e-02
6.526185987980423486e-02 9.413926159950027073e-02
2.388320460820369528e-01 2.268376422296837225e-01
1.417179734739642538e-01 2.852813693791814709e-01
1.457377596048436141e-01 2.179542992724414485e-01
1.347752203001172655e-01 1.587633221330837785e-01
3.567837994222670256e-02 4.527935074365545265e-02
1.558098807815415099e-01 2.460423706994630810e-01
3.824866623001719340e-02 2.014204842189725245e-02
1.810805424570416655e-01 2.903336436817567923e-01
2.179009264776803900e-01 2.744679835813281232e-01
7.789279012877839414e-02 1.010047803426135510e-01
2.699554619488334084e-01 1.614585583553869094e-02
1.801603370086052314e-02 7.593081172840864673e-03
1.951313792176944395e-01 1.921150125936349484e-01
2.299585363413245154e-01 2.951554297377773084e-01
2.169110668869387026e-01 2.428769960350796175e-02
1.803765519239138027e-01 1.137741411531790620e-01
1.920513142342868129e-01 2.231482319999316122e-01
1.096757599348668760e-01 5.826040446624980440e-02
1.924596174718407882e-01 1.880098277272972962e-01
2.804185272962674280e-01 1.103873099822190035e-01
4.073034476252563457e-02 2.093680352666722200e-01
1.149933992749225253e-01 1.772833871931987493e-01
2.978400238448964885e-02 2.820136058417911373e-01
1.622745372518811235e-01 1.468368577584958090e-01
5.162716896352452511e-02 1.309670669530381970e-01
4.388053058007733431e-02 4.505094724439778764e-02
1.690808455833721913e-01 2.190170200126699551e-01
1.774622361871809328e-01 2.065009292737561564e-01
1.880229471738504299e-01 1.193265845069577530e-01
2.794253898819882287e-01 1.909193849296663414e-01
2.578209076784255815e-01 2.233708368960309887e-01
1.652910483491262794e-01 2.525226914639053244e-01
4.671114088609984233e-04 2.451237504220443730e-01
