6.522398581898913861e-02 2.074260868616134290e-01
5.584322989771595830e-02 4.722269179112036086e-02
1.482900496885924957e-02 1.839130008770080149e-01
9.267444206023459086e-02 9.512788467461096020e-02
2.984148928600063311e-01 9.305838114157515342e-03
3.087706343893091565e-02 1.382086508201543495e-01
1.059998586118222480e-01 1.989079054704234184e-01
2.687224657543965112e-01 2.465160574497186619e-01
2.976077377649375966e-01 1.220507633158008365e-01
1.140299724424378575e-01 7.833237908408173522e-02
9.955642246845121390e-02 2.526133454159394942e-01
1.528620149923027582e-01 1.252613137939284638e-01
7.946036867271129289e-02 5.628350792278854348e-02
2.424995137980195392e-01 1.648256711594543386e-02
5.823736341762555252e-02 1.445401265748021136e-01
1.149492095731474151e-01 2.092481765468192922e-01
2.712267529718322967e-01 1.619414914770792857e-01
1.160939786962594256e-01 1.480630426469256855e-01
2.631236268673953771e-01 1.913949995962541464e-02
2.102540020338224125e-01 3.770088333776967088e-02
2.845865200270261131e-01 1.313978267055834481e-01
6.703629067756879112e-02 6.153782940943702817e-02
1.826367264069053975e-01 1.925305517100473762e-01
2.041613532808904952e-01 1.647002133925334899e-02
8.401480061079871775e-02 8.409119140531956527e-02
1.068342759059809771e-01 2.671315500653304031e-01
1.757114356161439128e-01 4.227021847663179482e-02
8.721806166213839917e-02 1.140461913827289647e-01
1.979368665523747184e-01 1.882051543166915197e-01
2.232872545437998013e-01 2.988756169340008872e-01
1.753053988401696017e-01 2.682336275331114184e-01
7.856141491524414044e-02 2.775145889348235029e-01
1.717642296273924341e-01 2.959039741010062174e-01
2.102546180588392155e-01 2.728520886964200809e-01
1.569375933442307969e-01 1.353518903974210985e-01
8.960293478676563395e-02 1.714026942940837517e-01
2.828277444599830992e-01 1.591045314309043057e-01
2.678823049793035427e-01 2.794755576533275443e-02
2.231309016229632118e-03 2.086829572050209747e-01
2.363464390228490752e-01 3.083791315757800078e-02
2.121867632209508137e-01 1.233687725849956229e-01
7.297410630142305010e-02 2.428487372348377138e-01
1.134902691797604612e-01 1.663107859675041489e-01
2.465333014698348202e-01 2.223635861062933927e-01
3.612568455585671995e-02 9.744255165265636523e-03
1.341849597357489821e-01 8.468213525974208067e-02
1.640493422333053897e-01 2.056937685424384266e-01
2.772323931904566163e-01 7.574019620562395805e-02
1.066711121099859078e-01 1.207511889255944298e-01
2.801476103765674353e-01 2.207113691216570361e-01
