2.168235638167335388e-01 7.185710208272466648e-03
2.936392614233503950e-01 1.840514568080867386e-01
2.583986331324742425e-01 1.824503822260622465e-01
6.642197511855725545e-02 2.378024596855594364e-01
1.456827523380394562e-01 2.050825452726092457e-01
9.202585576477996521e-02 3.178123658775285770e-02
2.907672139951016088e-02 2.760894734751956903e-01
2.856104306126661663e-01 2.007679901004932599e-01
1.918255521262405838e-01 2.450199369650937486e-01
1.765721337523287471e-01 2.533026880299820149e-01
2.375812850056093772e-01 2.548281275335052554e-01
1.871395183130259710e-01 6.251532968430133230e-02
1.748089469730926271e-01 2.097985102038974203e-01
1.126655102697389083e-01 6.422904931961920250e-02
2.516577418879361594e-01 1.049863633213196229e-01
2.974821049866681610e-01 2.938167080916730955e-01
7.786667048443932093e-02 1.879831920789773736e-01
1.542338419371983016e-01 1.272793879162380515e-01
1.595606025002152262e-01 2.207909988663940559e-01
1.642849908124813518e-01 1.173432654491954330e-01
7.073874930673644534e-02 2.582165410150568663e-01
1.706385033025661357e-01 2.697307039603297762e-01
1.794593486958263318e-01 2.282707098508406363e-01
1.355225452685437796e-03 2.738957791962197130e-01
1.864729376259023075e-01 2.764025129520653046e-01
1.455807635430733105e-01 2.805572035863574398e-01
1.428548446639558434e-01 2.203350784958244268e-01
2.427095757517954699e-01 1.085533570231830003e-01
2.030044828169709770e-01 1.973990485630943426e-01
2.662766052179980081e-01 3.776484760856339828e-02
2.081896913935931404e-01 1.277357506366716966e-01
3.632153479467527951e-02 2.895911220324594582e-01
2.669360268912930878e-01 4.892495373719601970e-02
7.620524598280575303e-03 6.495771462366496662e-02
2.450200397216251245e-03 1.010881519283766267e-01
1.788825550889844018e-01 2.716422820998893803e-02
6.245099226065442544e-02 2.058799533792770586e-01
1.338106598822062232e-01 1.447535610281682483e-01
1.976978874588176949e-01 7.191410385304056185e-02
2.016220310430400509e-01 4.706527731432371547e-02
2.949340119079129074e-01 2.387891887971559379e-01
2.178183637452228705e-01 1.323121834080851454e-02
2.833300084607530134e-01 2.575222949103961323e-02
2.161886622955758452e-01 2.468290246433900437e-01
2.807234946227332717e-01 2.201614521487027798e-01
1.953052902709900840e-02 1.519637252388477966e-01
1.876738910401640759e-01 1.862653940800296781e-01
2.987122869946624015e-01 2.281050044060448090e-01
2.842355820821135803e-01 1.623152103719746955e-02
1.782706998379489649e-01 3.122598917996433077e-03
