4.230741158423417803e-02 2.411656381208578948e-01
2.600886545089010071e-01 4.595419520609084901e-02
1.869568689724082633e-01 4.976005020209639529e-02
2.242229476817862999e-01 2.124247770002929692e-01
2.963398969806138039e-01 9.604838669634381543e-02
2.739230721609700048e-01 2.396788331441342956e-01
6.718665812485211108e-02 1.677391952708074951e-01
2.251794979230155869e-01 1.577040928971603362e-01
1.552262227777781167e-01 2.500841113896347112e-01
2.758182294474118557e-01 3.635589918471780757e-02
5.217236268732253907e-02 2.220397436300370064e-01
4.226575790523801057e-02 1.520278048730852594e-01
1.557161216470441534e-01 5.651301920431139360e-03
2.383076076091386955e-02 2.740803571771330271e-01
2.545492926703625258e-01 2.501077879886435817e-01
1.828386037334826797e-01 2.891303868518135898e-03
3.296163661407203269e-03 1.845809517306875869e-01
1.925284419126188362e-01 1.832068390116616818e-01
1.959109870312167323e-01 9.530640671682248655e-02
1.814421985068967805e-02 2.049971249774333037e-01
2.882436382149951015e-01 1.112252405640034164e-01
8.068694441727099209e-02 7.972406549767711847e-02
2.266505010656892985e-02 3.063968791789492899e-02
6.644400368880322427e-02 8.677063630292457599e-03
8.386778890190819957e-02 8.143923485543175245e-02
2.266610087432138765e-01 5.157773401433024540e-02
2.005146219770375382e-01 2.299036866178455485e-01
2.440001000087001493e-01 1.987842157557023759e-01
5.275020626965404302e-02 1.970089145127933705e-01
2.554121760326619195e-01 6.593613011062050833e-02
2.954927536084608897e-01 2.493090039537637914e-01
1.867636052203869301e-01 2.099922695492098534e-01
1.628448808094019595e-01 3.810649856288914755e-02
2.919759147299187951e-01 3.847837762818299978e-02
4.145356573097764424e-02 9.896195900583910909e-02
1.280201079589395330e-01 8.410264012291591984e-02
2.786440253299129477e-01 2.766470301367991436e-01
1.472660942538800144e-01 2.186187071005862292e-01
2.247742510989402531e-01 1.386768149788907556e-01
2.457124347025500533e-01 2.189461719667044337e-01
9.603338237605631156e-02 4.000240719969949676e-02
1.661224933878069354e-01 1.930922593133425347e-01
1.058238311513340496e-01 5.172430353828953026e-02
1.004497531419173556e-01 1.714355270023695810e-01
1.538397638938163690e-02 1.821929465372634227e-01
2.540580388511904930e-01 1.875361100449683127e-01
2.661922443171936270e-01 3.110258466941732969e-02
9.543258305476871872e-02 2.956761583645908242e-01
3.608008477670304748e-02 2.164955902545749877e-01
2.558457625592653883e-01 8.420770777040414989e-02
