1.277849520234968506e-01 1.850712403203778333e-01
1.424837561517015849e-01 6.780258579571693534e-02
2.344576082847387236e-02 3.604000453974517265e-02
2.679055718029514366e-01 1.763657407197394000e-01
2.247417594688902176e-01 2.353654097467514639e-01
2.627443304386025136e-01 2.323667398931247574e-01
6.363263964531384875e-02 1.868023780512430565e-01
2.627044229241192741e-01 1.150699584418870963e-01
5.355327923166317700e-02 1.243991427220089568e-01
1.146573742709706828e-01 2.636220158017132942e-01
6.990435539088570016e-02 1.289552569941318783e-01
1.911252886489402392e-01 1.783263900123817913e-01
1.884142830891522291e-01 8.331796554252613243e-03
2.519600694449327105e-01 2.563528179242299809e-01
2.044374277043795596e-01 1.703136927757623320e-01
2.268428431747405646e-02 1.277541222791248043e-01
1.565802018788424455e-01 3.589336900051543627e-02
1.435204565401742849e-01 7.699582074969268594e-03
2.213076381951430138e-01 1.287909564161420217e-01
2.908161450036992335e-01 9.582068855781424033e-02
7.636813379028388471e-02 2.899741636496073749e-01
1.907365646291510897e-01 2.870686999935532224e-01
8.286476427830687108e-02 7.740808640461217804e-02
6.157373048282502315e-02 9.043326390312186880e-02
6.321393067391864462e-02 9.243812910880074007e-02
3.579816060229723540e-03 1.343819023851158811e-01
1.035499850471394284e-01 4.177275695745069628e-02
1.628457947674545880e-01 2.079439282637390030e-01
2.028186608128149659e-01 1.138783433953405588e-01
1.049997310307718285e-01 2.363768038854851053e-02
9.805763131875490368e-02 2.658517385324570825e-01
9.991453350928755639e-02 2.421964055798327825e-02
1.304694785289692849e-01 8.218727825169833134e-02
5.603255428206188084e-03 4.740219220088563029e-02
5.278997871881366960e-02 8.098968027430411554e-02
2.373927303253915710e-01 1.027926251440757222e-01
1.696243712578835716e-01 1.341142568393463297e-01
2.674499042981769992e-01 4.472753875659531836e-02
1.041111975953632612e-01 1.862037347991070402e-01
2.635823777059370654e-01 8.000609597457880584e-02
1.679580079401140624e-01 9.324324731603346461e-02
1.746729667489427817e-01 7.607414321933460288e-02
2.083424959083319539e-01 1.899508116204352282e-01
1.763807108072787955e-01 2.094874040699292589e-02
8.303376457158317958e-02 2.662027395238608651e-01
1.035900039639582049e-01 2.967918759801622675e-01
6.572795484923428522e-02 2.837547997966766156e-01
1.103043500244606512e-01 6.677971476127220196e-02
5.300735443377729839e-02 2.731709346572159247e-01
1.210067662331782701e-01 2.659569706555778290e-01
