3.232508121917985339e-02 2.671420748306759796e-01
1.533940059558706326e-01 1.819104360636212558e-01
3.895541296678387694e-02 4.275871317780118724e-02
2.298785244795371052e-01 2.959302255912428237e-01
1.754888394737009472e-01 2.402572085632222187e-01
1.034404451405524089e-01 2.170076284714364812e-01
2.658706848346677892e-02 1.896990075212742488e-01
2.672590750599780282e-02 1.709521871238265378e-01
6.979667553400926983e-02 1.673719088813130085e-01
7.364632402469972750e-02 4.574751279814102262e-02
9.348658776262371017e-02 2.425011255536309307e-01
2.038025203005662811e-01 2.490563339665372022e-01
2.888975768084541262e-01 8.574751024517117404e-02
1.747223596749319929e-01 4.137944835628622892e-02
2.892888786105462517e-01 1.355540593481636691e-01
1.524413350957140312e-01 1.101941860984994165e-01
6.338907362743258223e-02 2.233144952265856131e-01
2.531017503975426797e-01 1.317795052722658677e-01
1.388409638272669481e-03 1.283904512274600951e-01
7.842631122552704004e-02 2.574000818869639495e-01
1.627351332347762303e-01 2.058326303206787777e-01
2.297446791172512784e-02 7.802403162127355407e-02
1.251563850229368002e-01 1.653863189185587057e-01
2.335666458213346841e-01 1.121596155704641593e-02
2.756931432369980617e-01 2.300143583424729132e-01
1.765721467860293381e-01 2.428057343688100334e-01
5.749760743766354348e-02 1.783880001330221121e-01
3.266012771881675325e-02 2.672627970136997599e-01
5.412184652978730554e-02 8.610524943152343680e-02
5.127854175872937487e-02 1.686678881683333353e-01
1.382232636020480077e-01 9.546591678473406728e-02
2.306753607806380502e-01 1.225060699278143345e-01
3.793236761296526344e-02 2.660453811794854517e-01
7.754795092493452224e-02 4.440912881326804923e-02
1.803148382214718459e-01 1.224618219659570073e-01
2.997457791267358895e-01 2.959077443415768505e-01
2.541460704504123758e-01 1.855859725535859983e-01
2.679013933086833998e-01 6.655301882375840028e-02
1.319946501337598554e-01 1.495066866290576356e-02
2.572207043863866671e-01 6.312900984944676275e-02
1.635723338016222828e-01 5.205168987622561111e-02
2.123520901506473491e-01 3.196480843345111955e-02
4.112478938908908921e-02 2.643700631845955495e-01
2.688522629692982613e-01 1.974491650943213383e-01
1.981008632527842539e-01 1.297935354706455102e-01
2.576249343871532885e-02 2.803579095755991957e-01
2.513664943585623979e-01 2.332318301697963725e-01
2.981027321114878004e-01 2.453248747009240394e-01
2.944492243639885154e-01 2.740428161548382202e-01
1.089145123309739616e-01 1.657556301779356256e-01
