1.964119000192887099e-01 1.335255608391730520e-01
9.900563954065705330e-02 2.207103294268796811e-01
2.473532044396093976e-01 2.181199164523994205e-01
3.365232944393553582e-02 1.005304837512339261e-01
1.892650737406877809e-02 3.439837445868498822e-02
2.170162331188147942e-01 1.718297744226616464e-01
2.866060943323514576e-01 1.318500878559074330e-01
9.771760122509674795e-02 9.452252430585582343e-02
2.875998378268278532e-01 2.987720218369596115e-01
1.111566810174044878e-01 1.486438120643686356e-01
2.961274213872865380e-01 2.899734650665142244e-01
6.517421774148585145e-02 8.962760611731816762e-02
1.712110368151320838e-01 2.465658516763758468e-01
1.662807181752262442e-01 7.133361965138636240e-02
3.750816509950492122e-02 1.684575117946955081e-01
2.646012712194862893e-01 8.250982482813778995e-02
2.088262049479185090e-01 2.899438079626714959e-02
1.149407587305341649e-01 1.474402294748898556e-01
1.170554165816476699e-01 2.461971803968552308e-01
1.087092813765995619e-01 2.803429376712713861e-01
2.670782555207535380e-01 1.683364551272157131e-02
1.173118623372293307e-01 2.000089039620630282e-01
2.980032573512648719e-01 4.325338004794433006e-02
1.422704517623125942e-01 8.559254230551510689e-02
5.174690905720225054e-02 5.572241312298129717e-02
1.689899144670396480e-01 1.656748361207460996e-01
1.430697062054090696e-01 2.084944815623497594e-01
2.465017179256384638e-01 1.656797541033400434e-01
9.794025978223126760e-02 2.190718032057263898e-01
2.000232123994924796e-02 1.542796748317583344e-01
3.231367140007742472e-02 2.252238201548559526e-01
2.638559893480850738e-01 1.927161606481198608e-01
1.846782041994528972e-02 1.153319791601394584e-01
2.198737434228939802e-01 1.885355034548132080e-01
1.871463240606001666e-01 2.111141769810358226e-01
2.021808372543044685e-01 2.076579667952871133e-01
2.684598294783087646e-01 2.652256801196476999e-01
5.357504827892355104e-02 1.524148936043238922e-01
1.766573776783952610e-01 1.610972343456872069e-01
5.294264566462031363e-02 4.596732414793793658e-02
3.011909982894841326e-02 2.332634262996448049e-01
9.994514068679552499e-02 3.212401206034667250e-02
1.129762572091926875e-01 4.971491502454461475e-02
1.898789584144655873e-01 2.992613150100237873e-01
2.903757997342044650e-01 1.304476781896940774e-01
1.273160255622244053e-01 1.508401505321368130e-01
1.339580458344299951e-01 2.547646410548143336e-01
2.371314694141281876e-01 1.240329444324392294e-01
4.560835965147855969e-02 2.716807086278374972e-01
7.965823991835951912e-02 2.817727970807045734e-01
