6.431260224328752551e-02 1.436454609309107400e-01
2.159209261392499579e-01 2.092717357121607891e-01
3.328332681853841263e-02 2.112688348261504145e-01
1.528535307191156989e-01 1.249875696201747655e-01
5.647369910208314969e-02 2.189851918823368104e-01
2.876918470369577152e-01 2.592514492877487364e-01
3.150948419545188811e-02 1.103149708653797939e-01
2.768362891442627260e-02 2.821740729942068815e-01
1.463401201299632526e-01 6.381679667788703325e-02
6.071796507440567481e-02 2.712332574449509703e-01
8.812530039786982405e-02 2.612258436597953981e-01
6.011306510078179288e-02 1.461111148112656799e-01
9.086204771047119710e-02 9.569668935031484802e-02
3.817485141153455913e-02 1.191671052670267711e-01
1.248391458254106412e-01 8.726615759952355278e-02
1.829054105058471880e-01 1.658400179914686079e-01
2.192769012918193705e-01 1.749566077828280941e-01
9.702974187404359019e-02 3.721667490281410640e-02
2.752547579241762521e-01 2.435158834312176057e-01
1.798161416148485736e-01 1.957998817204149866e-01
2.211769712106285979e-01 1.829305283845319707e-01
2.762626994026273208e-01 2.519964668550407350e-01
1.770352649128527633e-01 1.203418497098466267e-01
2.043914685066032244e-01 1.201407431905297668e-01
9.686448126239707856e-02 2.459362913031710729e-01
1.372443216583706938e-01 2.496341974598708102e-01
4.775747863094052803e-02 2.118773310998351977e-01
6.835835198407370916e-02 2.075094634495667500e-01
8.794937003548318477e-02 2.717497100033333668e-01
2.842402315325858186e-01 2.263495583244958809e-01
1.301862766886139056e-01 2.873980083322129619e-01
4.343590324539731845e-02 2.086641870678022648e-01
4.045305136633694371e-02 5.163055258161717426e-02
1.763898740134286353e-02 2.991945850518847316e-01
1.917818945508732442e-01 1.824179745152977872e-01
3.821377504953725468e-02 2.551842289652688778e-01
2.802987265408980466e-01 2.395740963496975628e-01
2.557181759688186840e-01 1.311427143420614561e-01
1.711098107114879807e-01 1.382220904571642706e-01
2.118936806160709729e-01 2.535663977165056870e-01
2.060495206797606782e-01 1.084336715870836028e-02
9.059991265428668505e-03 2.337666578207893420e-01
1.501523888166632348e-01 2.573311851600524891e-01
2.259775508448634562e-01 1.823701355929299023e-02
1.848355233938585862e-01 1.446799852471165604e-01
2.806256094716550464e-01 8.986949437529236084e-02
8.125281440984705172e-02 1.258504225465742477e-01
1.228266722321027099e-01 2.989555563337497057e-01
1.946729971549415739e-02 1.924871488000056141e-01
1.887423410416966818e-01 1.543695420274965591e-01
