4.957692042590160220e-02 1.431115013131705749e-01
1.220816195825172312e-01 1.702163131001352761e-02
1.219735931476280538e-01 2.325617284483990632e-01
2.727607631842910996e-01 2.226222285775247833e-02
3.058968297757941324e-02 2.931259175939223693e-01
2.301401684105859602e-01 2.544270034343529829e-01
5.280265263386780400e-02 6.308399322736818471e-02
5.006187269934653933e-02 5.152938500155568313e-02
1.157182323376634292e-01 9.581468740445688026e-02
1.504634147113131926e-02 1.153293368134781227e-01
4.830709490895035430e-04 8.559302960075493294e-02
2.708422313694692218e-01 2.618856965936732228e-01
1.655672131478817255e-01 5.767506984526823977e-02
1.281278471183262824e-01 2.892734196620757592e-01
6.224439544079327091e-02 2.903308033768665572e-02
6.305070260930711878e-02 1.047585627729103741e-01
6.266131088236041868e-02 7.563966842129722645e-02
1.042247553107905206e-01 2.504931127554778647e-01
2.990454412741699874e-01 2.192941653760665244e-01
3.087652836684657773e-02 1.945663060023289370e-01
1.685273546887267604e-01 7.258822481645073321e-02
5.331120347181635827e-02 1.941854277926657836e-03
8.045390960211817877e-02 1.526854898176668307e-01
1.154610096047135326e-01 1.771799149742322443e-01
2.756020596656413302e-01 2.000597236946365653e-01
2.905012349895813584e-01 2.958112485134326008e-01
1.797008305152606733e-01 3.724586941646861049e-02
2.519797598093306834e-01 3.935307976660707037e-03
1.486157165637327637e-01 2.144795239334650605e-01
1.260646451205506280e-01 3.955450515827450830e-02
1.743368990285371067e-02 2.603773375769970477e-01
1.674064338264462937e-01 1.147466245468764662e-01
4.780091202716885146e-03 4.965901384326378704e-02
2.701699646538072708e-01 2.656458670973100844e-01
2.870423994213860408e-01 1.708870247789768537e-01
9.365660278939900996e-02 5.920790601119102492e-02
2.165812608041211840e-01 2.521521433229783060e-01
1.972992509468349531e-01 2.978320531232571122e-01
8.270266336903952728e-03 3.170762095801459013e-02
7.127528685852484169e-02 1.667023042042308500e-01
2.809052925074478901e-01 9.145187173593083418e-02
1.663062981993801703e-01 9.106327429723487521e-02
1.232979018675208205e-01 1.803350774799740430e-01
2.826953640289472935e-01 6.700225610895084449e-02
6.272776772257783462e-02 2.270565761765781232e-01
4.623769840972300621e-02 1.949418315907781515e-02
2.438664687666148856e-01 2.621011155097323075e-01
8.032327335630203013e-02 1.974702449389331791e-03
1.300329928609299246e-01 2.440758260090462595e-01
2.531246958040597184e-01 5.350028434848565911e-02
