1.713675404038396966e-01 1.482633728120695549e-01
5.287306035412741613e-03 2.892237667377033361e-01
1.698260709424232739e-01 1.931175940756169884e-01
2.337934935277053150e-01 2.500820959014963263e-01
1.495011380706719462e-01 2.600642843373448532e-01
1.780772534610401692e-01 1.866317332866017920e-01
6.221500393634429166e-02 2.085795425129113173e-02
2.626262519608209001e-01 6.765411780729675695e-02
1.797808059568755112e-01 1.942186563324311763e-02
2.161091058283620969e-01 1.662672740817963402e-01
9.680090401131503930e-02 2.880986969992364033e-01
4.050502586214999035e-02 2.708708334899889714e-02
1.565571871581041552e-01 2.445791685737335186e-01
3.230421806646095045e-02 1.744108734081882828e-01
7.867998538411448417e-02 4.585224205542946102e-02
8.371343907719352648e-03 2.143413489525934634e-01
2.063520027567328496e-01 2.170557564219641467e-01
5.921620640703194327e-02 2.173144814259882762e-01
1.684426117620704544e-01 2.842441842598689150e-01
2.608170254687401934e-01 1.843351062636277016e-01
2.375928437696507023e-01 6.159174873361975000e-02
2.733672761775763835e-02 2.486891085398821102e-02
1.139223283213250809e-01 6.862080244130430717e-02
1.556235662163724942e-01 2.237752909281769398e-01
2.526285937233455625e-01 1.762230616755701140e-01
2.891246269171856564e-01 2.013190912054696469e-01
2.615599365023262846e-01 4.886242249441963975e-02
6.132792785575125194e-02 2.959013077735701477e-02
2.598108319737105210e-01 2.399174371544098294e-01
1.142937283607442372e-01 1.707676252940795725e-01
5.450363431066640018e-04 6.710064739431916003e-02
3.635021927212141873e-02 4.811951574098134038e-02
4.799479298901904861e-02 9.756680329899787563e-02
1.355858008069643905e-01 2.724289982518407482e-01
1.514268951727879842e-01 1.844301369903275992e-02
2.594796627984798931e-01 2.267091843562736020e-01
1.757002934065045596e-01 1.066760550590085260e-01
1.473251841858191635e-01 1.528103749267718525e-01
2.036230234431525565e-01 2.790110661190706720e-01
6.576485546142377125e-02 2.010267292247199522e-01
5.413755823694491737e-02 2.679409344557158734e-01
2.269145767216059761e-01 8.528935765596036556e-02
4.686901294008026519e-02 1.076073282285831267e-01
1.421974955895943249e-01 1.316687366801187753e-01
2.373123652422216498e-02 2.801930200442481755e-01
1.718203312566735363e-01 1.776036415794897405e-01
1.409396731026844873e-01 1.696329161344317660e-02
6.626033148381195448e-02 1.536867181818883932e-01
1.341640343883530595e-01 3.904531759951997832e-02
2.677550624186217920e-01 2.323802521233979679e-01
