2.212224219993517149e-01 5.846681033899273072e-02
5.117574020773406340e-02 2.413971280507613559e-01
2.073033958951381317e-01 2.953289376324607640e-01
5.875705362160479200e-02 8.342870730425396009e-02
2.173622439426658171e-01 2.463196206058550497e-01
1.843847020078761001e-01 1.348228164683577257e-01
1.699397155177504171e-01 8.631282904304005479e-03
1.337511174609520570e-01 2.768492352595207096e-01
1.423296009400006890e-01 1.291141748928927024e-01
2.349661262740551371e-01 2.698770779571819101e-01
2.268310284070913438e-02 2.174887572103564315e-01
9.862932000379467934e-02 1.643895115150557362e-01
2.569283413316842402e-01 1.157308002198787350e-01
1.978283489732878542e-01 2.475259154147520790e-01
1.773358597641855328e-02 1.783005406109480495e-01
3.695305202008601630e-02 1.120779116377146750e-01
6.499292865827316357e-02 2.331709561615129545e-01
2.337042335167883178e-01 2.068006762002476961e-01
8.073010393654360406e-02 1.283252562457951607e-01
1.165508829261808210e-01 2.966706300913021788e-01
2.092578660978549887e-01 1.120384797466324883e-01
2.745471124545597053e-01 2.097430048006908854e-01
2.107453283070843120e-01 2.880282021652400340e-02
2.733480479092876281e-01 2.125926571002705323e-01
2.688552574527012032e-02 3.838637526903635605e-02
2.573582200143786913e-01 2.376789454222020814e-01
1.989071813049030080e-01 2.494747878371700589e-01
6.231684234973017267e-02 3.304697202098839243e-02
2.848545007928117156e-01 5.058304553007841875e-02
4.359066282808777421e-02 2.537721664790398846e-01
2.366238283149910970e-01 1.125054919460758418e-01
2.976992072392732336e-01 9.247007444238929119e-02
9.786821536451724424e-02 1.513145944312916102e-01
2.774897834436772515e-01 6.659492779025256992e-02
1.417470076597333595e-01 5.451039043698893000e-02
7.583536525458721422e-02 6.018179976211753685e-02
1.226857788419249973e-01 2.030155822891555328e-01
9.314484641929111908e-02 9.782744812817868729e-02
2.729662006282476128e-01 1.380144480935142359e-01
2.193661788799969314e-01 7.990453032271802036e-02
2.557330487349729897e-01 2.322821388231339490e-01
2.107588077932160409e-01 2.685560900878006252e-01
2.433013702532273448e-01 1.258298097464219945e-01
2.997115046712835462e-01 1.328798537712314876e-01
3.126770948209264128e-02 1.811744831409793643e-01
4.604730588115454187e-02 2.769786426641719368e-01
1.795645652927218006e-01 7.644919219955589873e-02
1.244575900261947615e-01 9.024933362786165258e-02
1.348289812004823396e-01 1.304363001060305505e-01
2.727107239666287652e-01 2.800314229562237966e-01
