8.159166171141347956e-02 2.505477513243066223e-01
1.993024988989769708e-01 2.999199689649609257e-01
1.999596622302757254e-01 5.092957749628287262e-02
1.934732321266471183e-02 2.939249904948647019e-01
9.826241870013048552e-02 2.365968125150189061e-01
1.376630250843793035e-01 2.543071336146757733e-01
1.770327006210478116e-01 2.710508650663790986e-01
2.434093156333892727e-01 6.520632808339453523e-02
1.822145125956521894e-01 1.965355541400598260e-01
1.540390921390147050e-01 3.055138076032723818e-02
2.520488029971385546e-01 1.114237923220419077e-02
2.734011625157961589e-02 2.823117537644587172e-01
1.931363901565403551e-01 2.225380431902880540e-01
2.334717216765563319e-01 2.416001681214288710e-01
1.957077293192466538e-01 9.820741876289951211e-02
2.010095811105201691e-01 1.844573433540904472e-01
2.887557390863284557e-01 2.775269831955057276e-02
5.943417290319889801e-02 1.102175306760042744e-01
6.334105781261621659e-02 1.310352032107424125e-01
3.656745249941561679e-03 2.781025590742924325e-01
1.958351979058137236e-04 1.615386734669184143e-01
1.679070164206593885e-01 1.135762062486865148e-01
2.896582878270470007e-01 1.360421951111489558e-01
7.661443118943646324e-02 2.914896673493174717e-01
2.433565082836291471e-01 2.464401923053418098e-01
1.821514425429615613e-01 2.584445859256556417e-03
2.273355510661171641e-01 2.487227178933481275e-01
2.792503413222538478e-01 1.672982024230436071e-01
1.238640288382936577e-01 2.673502559167193274e-02
1.932661479070524047e-01 2.831762564200805410e-01
2.561249824281114362e-01 2.680805538828722259e-02
6.966681509384890780e-02 1.809857422027157381e-01
2.215944618878253891e-01 1.892938217066321982e-01
1.917541443368327714e-01 1.485261743297666970e-01
2.665132694198787955e-01 1.306551229843474216e-01
1.294787042203603307e-02 1.187010630937944122e-01
6.446940802337743082e-02 8.095871215361101492e-02
4.499367232015364509e-02 2.645100310007925115e-01
1.462302481251017139e-01 1.257842905040823800e-01
2.320409005998719520e-01 1.084647943538995241e-01
8.026626568996265976e-02 1.997007758937624500e-01
2.551068311865343774e-01 5.037694533577764117e-02
1.086182054829911980e-01 2.896874774270623010e-01
1.677913973744316889e-01 2.575039009562966053e-01
2.255386543601060612e-01 6.048713780792221856e-02
3.615039325520680996e-02 2.475398585338883239e-01
7.019451378034562150e-02 1.375245260524610991e-01
2.453736108880788247e-01 2.131722247368978140e-01
2.038243564260136531e-01 2.721155079010758593e-01
2.605497401318916384e-01 3.665049002339069301e-02
