1.387599907150006695e-01 2.395756621119006780e-01
2.105803194540405432e-01 2.624278111680682438e-02
2.536686889987900817e-01 8.410694289482115171e-02
2.640284761216590836e-01 3.659081922827967653e-02
1.953172279249216770e-01 2.877964014894958678e-01
1.549518939524009986e-01 2.424351862711945915e-01
2.813542345789048216e-02 9.942068722849921325e-02
1.511556043609215139e-01 1.255559038396538152e-01
9.350864871944723766e-02 6.548501799900342812e-02
2.168730676070408370e-01 2.262417574310385537e-01
1.703521466828415154e-01 2.532423584823573770e-01
1.495911244825598322e-03 1.793625688291860532e-01
9.075982310883937143e-02 2.210505333043401577e-01
2.461076980740644904e-01 4.375742616368320098e-02
2.880815150538065250e-01 1.122455680447960874e-01
1.442486094416753628e-01 1.941874035720196345e-01
2.820548790643125359e-01 2.258008573336627300e-01
2.186314182528439898e-01 2.277868874741767469e-02
1.810687389085436638e-01 2.267314897136444019e-01
2.463069149180016973e-02 1.032582761977164643e-01
5.309060808571469670e-02 1.729014741323206539e-01
1.684935373236390310e-01 1.546170384356329031e-01
2.872084483086143405e-02 1.503237296157679537e-01
5.055299786477391449e-02 7.537743640840162407e-02
1.158228430830673950e-01 1.544398430310592318e-01
9.526577043114631271e-02 7.608535008034039704e-02
2.000704238697520454e-02 2.562439163971057532e-01
2.836731436229975589e-01 9.330659100815597018e-02
3.663578383231325120e-02 1.532644284113000854e-01
2.098534351342312698e-02 2.001837912691422361e-01
1.255735392652528315e-01 2.829816543939844744e-03
1.453453327064516687e-01 1.940889316073996229e-01
9.390841133301525145e-02 2.543770654332929704e-01
8.375325397256790094e-02 2.209144317867202945e-01
2.297405299163925718e-01 2.466007293635576469e-01
8.524994405960361829e-03 1.603397272675235463e-01
2.298053435007493817e-01 2.896880315194573230e-01
8.642236566597691350e-02 1.539269777537787820e-01
1.933017452347280882e-02 2.293679072372193095e-01
6.557817584689150381e-02 2.362793922233747887e-02
1.751128853962306275e-01 1.013370931933612329e-01
2.453475915023168585e-01 6.408041853030524426e-02
1.830669558267448427e-01 9.702402154928145561e-02
2.588649525479486124e-01 5.392973473813108404e-02
1.635644246937603408e-01 6.239233454103427362e-02
2.361976067171103755e-01 2.852656655221435522e-01
2.470386297878353621e-01 1.475835546277761978e-01
4.302832030452091727e-02 2.817554228664337912e-01
1.213740798281442990e-01 5.198156663994887156e-02
4.773386617396933873e-02 2.828537310141356342e-01
