8.424780751188458428e-02 6.318448623880504322e-02
4.606632363582206791e-02 2.521900902894755880e-01
2.315570337183289751e-01 1.676456366401004872e-01
3.183073196503720392e-02 2.621244142788569653e-01
2.196241779079831716e-02 2.130951196664587211e-01
1.080089660754520869e-01 1.993444154897167364e-01
3.614259364576590666e-02 2.174490615375357649e-01
2.522701032024227685e-01 1.741487366523555291e-01
1.889227648485325151e-01 2.851367448729842935e-01
2.124584234351288292e-01 2.331875809816525980e-01
1.532765568702732784e-01 2.094367894080872705e-01
1.739644922764780888e-01 1.920922724525469805e-01
2.472645398774516723e-01 6.651484181278251306e-02
2.990462742010420727e-01 1.598918274016787600e-01
6.009255012840394872e-02 1.927240032980954143e-01
1.655379633652223903e-01 2.512407052897442927e-01
8.109294871747065037e-02 1.420948953828926609e-02
1.788910912677325882e-01 1.747057517749338040e-01
2.353143285694356615e-02 1.775267054732325989e-01
2.157928052703016186e-01 4.407420133768778781e-02
2.461511305795793247e-01 1.504095574935189195e-01
8.063706335649517554e-02 1.231351761450518723e-01
2.985875629203488812e-01 6.433199299681768672e-03
6.184164289523427088e-02 1.549218157262061968e-01
9.696535900962501009e-02 2.861763863794999918e-01
9.428897371842767661e-02 2.207175110332524337e-01
2.985958114239830596e-01 2.061036261653007851e-01
2.612911779752852826e-01 2.023614883827913324e-01
1.097930550528065929e-01 1.173416105845857260e-01
2.035170315351639281e-01 2.885170549774591572e-02
9.713210974803376807e-03 1.480468515375485926e-02
4.339450629776515217e-02 1.670634787220597051e-01
6.117532589875493421e-02 2.427120872838602617e-01
1.950714641039931474e-01 1.101503528717157343e-01
6.759628323047142673e-02 7.548358357355423875e-02
8.722643286417186559e-02 1.911364223371507520e-01
1.585881926523022636e-02 1.638679716306289669e-01
2.048563264322496580e-01 6.304040753561543364e-02
8.004927401535234799e-02 4.108086249960713615e-02
7.359519422207061456e-02 2.200021744970476478e-01
7.684940721896467430e-02 1.160604923912274544e-01
5.802924491112670946e-02 2.666041270032683957e-02
2.675367160527518107e-01 2.907730387963328722e-01
1.327087547747774973e-02 2.212244023147548755e-01
1.736078560910188084e-01 5.862065830360665974e-02
1.153080430255383065e-01 6.108661012461943235e-02
1.175802249369639618e-03 1.137611921388152203e-01
1.603718794867787234e-01 6.324575505287748090e-02
2.493693237059227963e-01 3.353334962449500828e-02
2.562855300741254116e-01 5.305535918529622613e-02
