1.571462819486489637e-01 2.216851908703486584e-01
3.833497254410341698e-02 6.538656525950903298e-02
1.054399205488337904e-01 1.654241300427430061e-01
2.013671332861543539e-01 1.681396634384632882e-01
6.795012714426006128e-02 5.945076563060915781e-02
2.463682105518120724e-01 1.802449555705664397e-01
9.589217458664804627e-02 2.339969541009504217e-01
1.731463548412559561e-01 7.256303196119613663e-02
6.000411031190981681e-02 2.121782510656212983e-01
2.656418281553523664e-01 1.076298467680135013e-01
4.060356260907187209e-02 2.748458089800252524e-01
6.481742212931902725e-02 2.864145244100170795e-01
1.003879216301369198e-01 1.586039106798317333e-01
6.554501818769882526e-02 1.498539113551466406e-01
2.479311445666317892e-01 2.956298085881711168e-01
7.209780475628936591e-02 4.323497303949060816e-02
2.951258670002395723e-01 1.059459534637908762e-01
2.385377250699045881e-01 2.276699516547643076e-01
7.227936927363499964e-02 2.162752908495091941e-01
2.283609027403032399e-01 8.380869433224391249e-03
1.567058057012689631e-01 2.748435833576924892e-01
2.712087309212043995e-01 1.373475026339125160e-01
1.783185223168945802e-02 2.003409774645367458e-01
2.472818807744331659e-01 1.516883630251894821e-01
1.418114828080200562e-01 2.124653500076665036e-01
2.515377994460709088e-01 2.296879400446885378e-01
1.763334126059522833e-01 2.263385739723241252e-01
1.764793500412279448e-01 1.398418789760877412e-01
1.183560081907678585e-01 9.483050681563553672e-03
8.842016958278872685e-02 2.307460891089859190e-01
2.477445842194735681e-01 2.339486515107462930e-02
2.220653728323642440e-01 3.573106981044449348e-02
1.799518579792526163e-01 2.716235412325034293e-01
1.977987093154126852e-01 2.404372735577262610e-01
9.943076540359972824e-04 5.341342466124763405e-02
8.439420642516541615e-02 1.728018718586602775e-01
1.189527643737733342e-01 1.765689051351033156e-01
1.224261007314741412e-01 3.350405830416306602e-02
6.290009086358491763e-02 1.153966719274460984e-01
1.039721726037714650e-01 2.778497453273264806e-01
1.179444183596019130e-01 2.552302292591783761e-01
1.747703615302179450e-02 4.217565173892021818e-02
1.553682055675775220e-01 2.491109656961566429e-02
6.744522085014283130e-02 8.626671900522478453e-02
1.005726930153844761e-01 1.390303324340041724e-01
6.360757406404746184e-02 1.792968717076329210e-01
2.709772615499997372e-01 4.987742040116169978e-02
1.972671620894852207e-01 2.368324749721335276e-01
1.943579795934203269e-01 5.215613092302707338e-02
1.425357525062004305e-01 2.451382189401545564e-01
