1.940405132004790201e-01 2.982391738990247676e-01
2.213336325142206962e-01 4.647686906401613666e-02
8.415272472591454889e-02 1.775984696919697958e-01
2.195982002683683973e-02 1.645044427285942065e-02
2.423578908722975184e-02 1.581516196383286887e-02
2.692820333779191722e-01 2.498906402155343653e-01
2.594749435190575881e-01 9.229927733767763487e-02
2.167832784677163616e-01 2.981750519399374855e-01
2.714569159194031300e-01 1.857592840282269731e-01
2.223413749578269372e-01 1.180738528803688264e-01
2.808844071082424732e-01 2.785318680432687377e-01
5.127426261497280459e-03 9.538687864518120840e-02
6.832348947551114202e-03 1.254075950176423149e-01
2.697694225792744982e-01 2.613100798751086251e-01
2.863070950781672064e-01 1.632941114613795097e-01
2.113588999820661951e-01 2.271780081292902875e-01
7.626459517813023725e-02 8.472219837911590390e-02
8.263243946541788676e-02 2.520019421939605486e-01
2.206580474257486268e-01 1.469630493893224477e-01
2.045002664548389026e-01 2.536780945916197738e-01
1.093676445146762877e-02 2.844912774660767751e-01
2.148860979514761738e-01 2.504181079795000375e-01
1.121327354097721024e-01 2.740296452381134618e-01
2.983666519708716436e-01 1.606408046977305659e-01
1.068738557322470306e-01 1.540282125692709336e-01
1.317403674856474638e-01 2.970978244210094044e-01
7.370254340052266595e-02 1.986095638107306938e-01
9.635552706747337048e-02 1.135373792959616379e-01
1.777809407068751402e-01 2.121360296419532165e-01
6.868860931197928732e-02 1.694598018409470552e-01
1.058252931507434741e-01 2.061430810798674240e-01
8.735997322183858271e-02 1.975546578381844054e-01
1.193137410798516540e-01 1.825230140948790047e-01
2.438277527752606977e-01 2.963221690998795177e-01
2.344566939628030811e-01 6.636638702582774163e-02
1.292121907668942749e-01 1.925083019790804761e-01
1.501350430349999987e-01 2.514238254666639194e-01
8.230019403290007862e-02 2.945160813559029034e-01
9.643765450000194028e-02 2.451564715336464473e-01
2.632239466064294486e-01 2.527209359170681097e-02
2.437454935739011008e-01 2.029996161183644787e-02
1.192164431286898002e-01 1.349410248585665717e-01
3.563459757782602016e-02 2.895932425687391953e-01
2.554659735058541492e-01 8.433274526672984023e-03
5.163992914033666698e-02 2.330465075079103943e-01
1.556742986856484989e-01 2.485899814102660588e-01
2.933529016103658127e-01 6.215935450570153620e-02
2.652170711455268948e-01 1.474795627514275675e-01
6.552372541713959164e-02 2.113438715589163464e-01
2.269637704564018699e-01 2.645093575895121618e-01
