1.888761428212104299e-01 7.927334836722811640e-02
2.086034794287809913e-01 2.139287904996729772e-01
2.868502724587670971e-01 1.240722580907178615e-02
7.760471323297685187e-02 1.775258823097386751e-01
2.550114353589660876e-01 1.561469192857136701e-01
2.982484968141351778e-01 2.730889826602483361e-01
2.723793926513947694e-01 1.353107586743252100e-01
2.271238938174613975e-01 2.422189154078460138e-01
7.654422625101377220e-02 2.501854986376564685e-02
2.237212557022429799e-02 1.350506560360622589e-02
1.406769224999361023e-01 1.428283192146784231e-01
1.649459953684354399e-02 7.066452225429710465e-02
2.259137323635881933e-01 2.593376020124018577e-01
1.906426506136981239e-02 2.137787313209581763e-01
1.279300076282829657e-01 2.522796547022926328e-02
2.461134575878123343e-01 2.991179056516391488e-01
2.702186604298116857e-01 1.829024154826040804e-01
6.225946951158740222e-02 2.127415067581181762e-01
2.031110796641622529e-01 2.505024459156957040e-01
8.748827102224932331e-03 1.956850585590600156e-01
7.165379658558568288e-02 1.255763885405771496e-01
2.231179519657510435e-01 2.567589107331393755e-02
2.684468227864920120e-01 2.758839192564281964e-02
1.623982818483896418e-01 1.426711975117989917e-01
4.091374279763364263e-02 2.830922170228324375e-01
9.230623358484929541e-02 3.065559198908017480e-02
2.186560504351935108e-01 1.865865140664741129e-01
1.721161356946101229e-01 1.457915618272660474e-01
1.231982145176995364e-01 1.349964426619165159e-01
4.818684857497321922e-02 2.320473847978246906e-01
2.680007034617293282e-01 1.052760925556239652e-01
4.791067173027878379e-02 5.933391849723141515e-02
4.300487959044849845e-02 3.987109931153380582e-02
7.438952422899326733e-02 1.818663414223374297e-01
2.663838157500246218e-01 1.950977038697598734e-03
1.833508580386281062e-01 2.926902007425790653e-01
2.710226393362288322e-01 2.702324266214141679e-01
2.424799007376723659e-01 9.367335110592030223e-02
1.933520792358967011e-01 1.486156493253212030e-01
1.066465301638409441e-01 6.903004724296779582e-03
1.979394167791045239e-02 2.967726711368973147e-01
8.681629637407245470e-02 1.832356568423581245e-01
2.286191610540261876e-01 6.831837466300094350e-03
1.696775137199169337e-01 5.808516100490243583e-02
1.309487805965283726e-02 2.320408113454927590e-01
2.166611068425992326e-01 8.594928017224032213e-02
1.734730237809200271e-01 2.350374177811351273e-01
1.535434109604871533e-01 2.514868232818919802e-01
3.642474329924416492e-03 1.112975031181732272e-01
1.500443770352749562e-01 2.012300277363257284e-01
