2.139330215532412038e-01 1.981261586855096735e-01
2.865994400659669372e-01 4.174080073906834970e-02
1.743958852387361980e-01 5.926167479459167747e-02
5.394515745544979646e-02 5.847093759447684336e-02
2.095110539833172358e-01 3.101485924418614232e-02
2.455413027228303957e-01 1.975612196942510557e-01
1.882419356860854653e-01 3.117260926787466038e-02
4.694157244096665987e-02 2.157594896398833118e-01
2.830760084861973502e-01 1.503434799898251406e-01
1.182053970669333376e-01 1.388192496959779754e-01
2.192783826304208483e-01 1.873519006336003823e-01
2.022577361768218562e-02 3.291189724994498383e-02
7.155178215609464543e-02 2.525806315802990309e-01
1.419652824346342712e-01 1.766428219134117961e-01
1.038861273504934346e-01 1.149356365665543250e-01
1.399092469758452841e-02 2.012864167330888632e-01
1.781291639541602023e-01 2.253202678575468576e-01
2.528372936925288861e-01 2.947375192183300241e-01
1.892250410543275529e-01 4.587608133425338103e-02
3.878017861123299326e-02 1.936334240771171722e-01
1.579634899780212598e-01 7.214744153635939405e-02
2.272357883555601310e-01 6.048890787246415796e-02
2.053976032197870477e-02 1.400406539557815799e-01
1.165284471957844792e-01 9.602494100817592082e-02
8.551235015734756639e-02 1.255884498301666208e-01
2.988120865509643065e-01 2.065290459152798741e-01
1.060990949993205652e-02 2.807302747805928145e-01
1.180943092827832913e-01 5.831604737095719831e-02
2.786663273577857369e-01 2.867030195845299279e-01
6.245980944215251407e-02 2.671338604982950171e-01
2.835061729983552881e-01 2.657351021181058037e-01
1.772173151219454679e-01 2.906437920537179864e-01
1.022680571342427097e-01 2.874853115550987104e-01
2.716940784928226216e-01 2.369567827642805047e-01
2.671814829776071321e-01 1.475450891816022236e-01
2.919786522654345684e-01 2.113332680957747123e-01
2.849624208826363470e-01 2.061131027682278627e-01
2.697530203324283171e-01 2.105866733609818020e-01
7.015286634723782999e-03 1.092451367949109908e-01
2.573400547815090089e-01 8.031679972989436145e-02
1.300215648020638937e-01 1.006602078755469143e-01
2.525638921108403490e-01 9.909359238721404672e-02
3.161638289476431576e-03 9.988966595369870582e-02
1.311412038131830882e-01 1.326230715473443109e-02
9.910258111070217868e-02 2.953167660517768134e-01
6.954940894029039422e-02 4.904410559588299329e-02
2.435564652320957590e-01 2.693571806708095970e-02
2.356527585573490180e-01 2.991292038259079078e-01
1.201394921828595197e-01 1.962768034947759421e-01
8.805718183032683333e-02 1.944890464138826491e-01
