6.168801889080067352e-02 2.935379146188364929e-01
6.740744021791277019e-02 2.801245891916829059e-02
2.686462833759542534e-01 2.634131982825341778e-01
2.972785552186766878e-01 1.871972730615397984e-01
2.674718434526143773e-01 2.916216233760708931e-01
2.627749886630341772e-02 2.673673567212081492e-01
2.233568835620830528e-02 6.348786560081820692e-03
2.319354619863918110e-01 3.874434474029540137e-02
2.175186361617838793e-01 2.718265688394588264e-01
1.886461059358215675e-01 2.481295842234915450e-01
1.610795396568643068e-01 1.821569333494701959e-01
1.003593272072493547e-01 1.612325485011643911e-01
2.102832878880008527e-01 1.176877813517501065e-01
2.318441024659748662e-01 6.639188235069762301e-02
2.014529278543392421e-01 1.877672365754703976e-01
1.796032631624393805e-01 5.407746515666370796e-02
2.336096884279832142e-01 1.844382543474002989e-01
2.081410781766025730e-01 2.058416605194542115e-01
1.122195263244800539e-01 1.976617188149077664e-01
2.174639316050887838e-01 1.362992007328778787e-01
2.149997986990389853e-01 1.690836554242657053e-01
2.255165295567344297e-01 6.881132615884921755e-02
2.615956038364599529e-02 2.654937389126103553e-01
3.532822849396124315e-02 1.294413527990688484e-01
1.402400232157590410e-01 2.794197130601243084e-01
1.400147463467941999e-01 1.154227370385084162e-01
7.523382829362278146e-02 1.136442092201901954e-01
1.183727249430925194e-01 2.296454192349653145e-01
5.053044416725020749e-02 7.806700089098618511e-02
2.398224982078261958e-01 3.507353108695539928e-02
8.194120373052245221e-02 2.073636644012178121e-01
1.415959730509926129e-01 9.687341169592379730e-02
1.962350403437759516e-01 2.400819410444388624e-01
1.892777979603700034e-01 2.014542765524269530e-01
2.453967180830375905e-01 8.440116362575411646e-02
1.668237703341451383e-01 9.576854623348543538e-02
1.267377068791739614e-01 1.392639481422813796e-01
2.036045473570209097e-01 1.337563831212832954e-01
2.340410207283569743e-01 5.786898296682407850e-02
3.318878853906740561e-02 1.762813158972775709e-03
6.591238011696484711e-02 2.835379293393060496e-01
8.283455140561903074e-02 1.961186330325179472e-01
1.071162932564611175e-01 7.650520719144056347e-02
2.397751800141262601e-01 1.076947436279062364e-01
2.552597396627661053e-01 1.005629770694475428e-01
5.964229681160626746e-03 4.525355596569434480e-02
9.737215341457867990e-02 2.581685286893848907e-01
1.171646342469033659e-02 2.124097500951805106e-01
2.458181430836540449e-01 2.100896752884927887e-01
3.356861844433160075e-02 7.836447188931690289e-02
