3.105498008473530497e-02 2.747077395220722806e-01
2.042914743263466448e-01 1.635465981485433318e-01
1.004800768069408629e-01 2.769618140487783986e-01
6.287325794815752655e-02 1.765438921047453591e-01
9.180808641619273014e-02 1.965361631970599099e-01
1.128441228646506062e-01 2.902092547807523237e-01
1.297616852475836635e-01 2.294738804650697794e-03
2.087236988422930539e-01 2.179986579009649539e-01
1.606973712686317612e-01 1.530901494693143183e-01
2.459403129523496934e-01 1.507704084121161414e-01
1.981375461837691088e-01 2.668839423483216899e-01
2.506210245522943469e-01 4.554033764234559356e-02
2.556315309538112479e-01 7.613589173760539064e-02
2.039138206446307888e-01 2.293504652554310685e-01
1.163162783948734624e-01 8.172731043739779599e-02
2.408797775016003062e-01 2.218124698196472233e-01
1.359446770982143116e-01 8.599945057771245238e-02
3.259874066581114165e-03 2.595928791831425466e-03
2.707322808565531536e-01 2.331837225193470475e-01
2.622696388219340480e-01 2.825952980943474691e-01
2.570031857551832721e-01 2.918851893151280796e-01
3.411972718562404638e-02 7.612833629324011753e-02
4.744352379265091152e-02 2.027470322828934246e-01
1.162578887048475451e-01 1.160517182703483807e-01
2.038843256013756211e-01 7.386805781802653625e-02
1.567398505350797999e-01 2.502586073758294831e-03
2.425242765181882532e-01 2.125503578655613124e-01
1.382000944109500473e-01 1.293192270088474594e-01
1.142923136187012955e-03 9.665484450939601513e-02
5.340033854804294294e-02 1.170377103271197927e-01
2.105491874603061808e-01 8.406801444544326207e-02
2.544894737919844996e-01 1.635078426613370273e-01
2.666429922282838039e-01 1.808718480148877872e-01
2.201422613466414435e-01 2.180584952579474323e-01
2.533244883844524842e-01 1.903017244172592048e-01
1.596696086262418546e-01 1.861767400657030058e-01
1.508655370281835606e-01 1.071292560300059066e-01
2.327594110667373373e-01 2.367603655208676550e-01
9.228227037875742778e-02 2.924361235382088031e-01
1.868605946641243298e-01 2.547974820862693446e-01
1.972290402186235025e-01 2.146124642129102755e-01
3.671512625817080488e-02 8.971744283931264163e-02
2.221867484616627531e-01 1.420221070434130317e-01
1.248631369573835470e-01 2.730094183507352223e-01
1.365617794571876049e-02 1.597800574797950124e-01
2.552998393371036512e-01 2.373560129344688338e-02
8.103521023116273814e-02 2.714951396849064613e-01
2.151232580482522611e-02 2.911985046150266654e-01
2.495430611469779125e-01 3.404530818337829501e-02
1.607663707425207311e-01 7.141376247753518369e-02
