5.425972002120873355e-02 1.343446754164062396e-01
1.330089270223898668e-01 6.909891937408462956e-03
1.725082734612197466e-01 2.280389587017948860e-01
2.020479875664739078e-01 2.908019798148606117e-01
9.748383014402739466e-02 4.140472467756238506e-02
2.407534680682625605e-01 1.964143394085695465e-02
1.440832581703430648e-01 8.342588886031934714e-02
2.270927902122218262e-02 1.920069290292543973e-01
1.399150835376721802e-01 2.081501123790579777e-01
5.542165247017805108e-02 6.998176592101219839e-02
2.526140628934455679e-01 1.502069730137685355e-01
2.811634870821301257e-01 1.365274634676692800e-01
1.138751188561223232e-01 3.775933907946693591e-02
2.598447963564138319e-01 6.753263476780098362e-02
1.746258458310231965e-01 1.766856463230448981e-01
3.591300915749721934e-02 2.098663205450913283e-01
1.038464045523383589e-01 2.537429176400606279e-01
7.122563260112342587e-02 7.227790747477937094e-02
2.782544730917745901e-01 2.129637109343481272e-01
9.743933608051642825e-02 1.797288464876352632e-01
1.227698509985903214e-01 6.647489557376304314e-02
2.549272644145751943e-01 6.191921417283739737e-02
1.134118275409887744e-01 1.301779284681546800e-01
7.122650007418644680e-02 1.704461172470734531e-01
2.712336266979730182e-01 2.710041758951241553e-01
3.585237684806651115e-02 2.088762205976650854e-01
1.195022428998896991e-01 2.549081120385628951e-01
9.689110705401098034e-02 2.572738900566390874e-01
1.874077250763360458e-01 1.082398767215000529e-01
9.125023513255768950e-03 1.851359786893254089e-01
2.218270708360402244e-01 1.731626875047937164e-01
2.954506408028318987e-01 1.802286002664290898e-01
1.016217609803439781e-01 8.793135250444678030e-02
1.685529326737964795e-01 5.841480733044731449e-02
7.829836260817769900e-02 1.634296446453248619e-01
1.282665705472578466e-01 2.429153389090162596e-01
2.600152304144073279e-01 1.075640008832871447e-01
2.524477856859602687e-01 2.949168169291538355e-01
1.573844629868311473e-01 2.662150061691116454e-01
3.941803327062230050e-02 2.700307744295109627e-02
2.071061362967241137e-01 1.718979744438928481e-01
1.837824356320908736e-01 7.042211515196444838e-02
1.605341608095330747e-02 1.176251963794287814e-01
2.469559665165472206e-01 3.784995871174477722e-02
5.883342843267297395e-02 1.014932100702683748e-01
3.352005107053037530e-02 1.970272069181356611e-01
1.692037504999058251e-01 9.251158832926388575e-02
1.340851520822191889e-01 9.589986841804219730e-02
1.671634811963144396e-01 1.543043447264864365e-01
2.902974010570331664e-01 2.342784913699534899e-01
