1.232766160147046319e-01 1.065010356603802166e-01
1.082278294074730807e-01 1.273517582509283708e-01
2.230667401402284047e-02 2.408105810941955083e-01
9.483053339814473404e-02 2.147139904915859043e-01
7.580429769279588281e-02 1.555250219990333693e-01
1.108075557728586680e-01 7.363745557894063078e-03
9.318634552790258652e-02 1.687384042818971530e-01
1.315709841559322135e-01 1.545514123231296610e-01
1.457618394803134043e-02 1.954938797381506332e-01
1.081684594413433315e-01 1.687009622515926732e-01
2.748971160762326282e-01 6.189487243834526642e-02
1.383740632302111681e-02 8.910771365195654936e-02
1.472247711164668960e-01 2.415363186240525595e-01
1.393366338352776401e-01 2.668675959348000282e-01
8.632721688869605947e-02 1.238540427666983551e-01
1.854077554239772288e-02 2.792123391058454196e-01
1.748030339417925294e-01 2.895596341095185797e-03
8.983815502103428829e-02 1.561399835342289766e-01
2.631208435648602073e-01 2.219668611029937122e-01
1.778400411350352373e-01 1.766527015274324541e-01
1.427005692839997397e-01 1.139333247552244410e-01
3.586710725624264566e-03 7.653510136842335554e-02
2.188004927502895380e-01 3.547945055249052820e-02
1.294850588561201332e-01 2.512753107773024186e-01
1.315281395331673320e-01 1.074496877419473390e-01
8.249331954767900876e-02 2.120511523704674828e-01
7.975067836053764680e-02 2.646372604945403939e-01
6.090593154386433200e-02 7.573481717658324397e-02
1.296911396913665027e-01 1.668029347481226610e-01
4.724644507306456631e-02 3.516262704124073490e-02
1.887197002898204079e-01 5.604654200307181838e-02
8.825664659968058059e-03 5.940047961091573375e-02
1.061859422564101624e-01 1.930637217065422351e-01
2.692549579053666875e-01 3.038776895540484801e-02
1.787523340819103732e-02 5.203016209182346336e-02
4.904939938523496940e-02 2.537168585990808856e-01
2.803371887823414843e-01 1.418302175173440371e-01
1.551003223544940857e-01 7.694332821136322387e-02
1.276360287373763391e-01 2.549258762044810389e-01
2.796245316551894053e-02 2.898609130185637039e-01
9.467312056971190215e-02 4.105496769085791031e-02
2.980549398247692716e-01 2.417030071518422307e-01
2.513649885199956691e-01 2.349063466596098271e-01
2.824558689940282474e-01 8.784303969411162705e-02
1.130480080319223452e-01 2.081892702971767373e-01
3.786888956124074418e-02 2.064314049578142019e-02
2.979042289791113823e-02 1.398905256745497927e-01
1.246329099301336785e-01 1.234619657106044155e-01
1.790598955429814620e-01 1.518373207916953044e-02
2.779984450351872249e-01 2.097090493200458663e-02
