2.134072870853458426e-01 2.274880073826362759e-01
2.412033836120978381e-01 1.080354490982024518e-01
1.695075850138536358e-02 1.789988407623424316e-01
1.720155877701593783e-01 1.495147420256884574e-01
2.616654399253492413e-01 2.237187148004209092e-01
2.912253624514912764e-01 1.586353827351041634e-01
2.793312843254609490e-01 2.656213973419147001e-01
2.877478679507216586e-01 2.903619772748355921e-01
2.909211622343049197e-01 1.181226356398802912e-01
1.495395147752309195e-01 4.657027428233577460e-02
2.566802895299972187e-01 1.044042020197840231e-01
5.520275806618531872e-02 2.106912616774538616e-01
1.037993879268886942e-02 2.219254056645288964e-01
1.263305078431246620e-01 5.439681400714912671e-03
1.458274594151400261e-01 2.533948096655880833e-01
1.462470722720900229e-01 1.053062025044247257e-01
1.134227169942555458e-01 1.927549356234792011e-01
2.101798309578418178e-01 1.772563186219116294e-01
1.459036264048881315e-01 2.987864667089968826e-02
2.266159854912907015e-02 1.880776863820759481e-01
2.329544676868941511e-01 1.341997397405717274e-01
2.115415247738850965e-02 1.235784316729415799e-01
1.970136551392819568e-01 1.716503857584328052e-01
2.446033318105183818e-01 1.618171996666529777e-01
1.240906330572641575e-01 1.283786337142544809e-01
2.657333930899511976e-01 2.192453244653884969e-01
9.858559550620683842e-02 1.120120979114989784e-01
2.457747000088684186e-01 1.784710972322735845e-01
1.733270979835949965e-01 2.401917933568731376e-03
2.647250605097380971e-01 4.443261051956588076e-02
3.495228995481025700e-03 1.156216413692541245e-01
2.812127439004082352e-01 5.566503284841188559e-02
6.972328607558608317e-03 2.820865565456165958e-01
1.697404858058950694e-01 2.277937366805986019e-01
2.242745956881239955e-01 2.217490768694783954e-01
1.043935204910725195e-01 2.274142392924468070e-01
9.323906320894462252e-02 2.656142057302808210e-02
1.802299016793122710e-01 2.539476958068938028e-01
6.707211018927605739e-02 1.538210786409775488e-01
1.656865263452644566e-01 1.142828228463189585e-02
2.567196408866513346e-01 1.179494915673329619e-01
2.742233369277057298e-01 1.662298832279669736e-01
2.020932094001366974e-01 2.971905270266745336e-01
9.043900094288766234e-02 2.156976016990333200e-01
1.617784779665424888e-01 3.249937887245472196e-02
2.881822861377172224e-02 1.934365508650303656e-01
4.734378956754727724e-02 2.300618986799572441e-01
1.007947794023813792e-01 9.328960233666168389e-02
1.601762801433366523e-01 1.327261425881472723e-01
1.517423070364982973e-01 2.263937671517272932e-01
