1.981212314220915649e-01 9.969806081174982515e-02
1.997342302365188171e-01 7.666516820599431070e-02
3.013864354881336943e-02 1.583152951839878961e-02
1.332479220659499586e-01 2.717420787923692793e-01
1.227420835854659553e-01 1.202940034479083875e-01
4.475315431003523692e-02 1.340671563667042709e-01
1.726210403267234572e-01 1.531680550394579621e-01
2.431268702014457994e-01 1.448101419271831114e-01
1.598039667625797758e-02 1.300528539986371690e-01
2.443599014588992147e-01 5.746969730865290893e-02
6.319931240009664386e-02 2.811307252237888465e-01
1.687304529978131129e-01 1.468311324466577833e-02
1.915227924743024557e-01 1.719975129960887861e-01
8.998173117896896001e-02 1.155514374342616751e-01
1.488724998524376120e-01 2.425039928564011737e-01
4.037401157744124544e-03 9.523745954157554483e-02
1.382464637517550055e-01 3.514788437655625569e-02
2.401301289554257645e-01 1.243989177896660386e-01
2.231815570661663251e-01 1.963493270785492129e-01
1.665753891383918717e-01 1.115539237144901469e-01
2.685511886732077635e-01 6.463839730119566584e-02
7.096479894229645868e-02 3.943116843388833059e-02
7.271978916619449562e-02 9.284606023251261442e-02
1.464341526343994060e-01 2.338087022132759041e-01
1.427602159644640600e-01 2.474190645077264383e-01
1.796659543614075039e-01 8.686158870729594750e-02
2.739048342304774009e-01 1.679047462518716560e-01
1.589270305220666368e-01 2.450888254658072363e-01
9.918570120817311875e-02 9.169267683299851812e-02
1.773254322377686154e-01 1.908282690433044937e-01
1.949867592995214727e-01 6.827768012792140295e-02
1.864191867677064685e-01 9.180707310440462676e-02
7.696412216655214300e-02 9.446986883343497232e-02
2.662712156622847881e-01 1.686438087326769253e-03
1.006629541490600176e-03 1.802757927535474439e-02
1.521151027209326212e-01 2.406998496110092367e-01
2.031247262331823678e-01 9.882780772484789367e-02
2.607629707865538604e-01 1.242716738067668192e-01
2.934052916068355943e-01 1.523928841564529957e-01
1.208226182156119655e-01 7.208838843182081846e-02
3.957562230679879250e-02 2.820232810810260338e-01
2.309798525564900340e-01 1.061229544329332364e-01
2.328147214600298776e-01 8.505552775740916893e-02
1.334969802723380561e-01 8.567751431188171118e-02
9.175107227535196641e-02 1.872777754923388160e-01
2.765285843722823378e-01 8.555561084152436824e-02
2.185903680325886611e-01 1.707048691337395285e-01
1.616831745933199893e-01 1.429070451041403178e-02
3.592946926141382408e-03 3.864613486516947638e-02
1.591314528900811265e-01 9.463017053827403602e-02
