1.121203828294123073e-01 2.071599540781405568e-01
2.941905438597727240e-01 2.818080008599062047e-01
2.515450228295377788e-01 1.729955949735114129e-01
3.025409813017654239e-03 7.442562689315342095e-02
1.353463259683232445e-01 2.254860802494916827e-01
2.056913109599619316e-01 1.792231745972647575e-02
2.580942556995083903e-01 2.907406595305808139e-01
2.631722259039353043e-02 1.771896977723025068e-01
1.837103688710047533e-01 1.306313260751826300e-01
2.342586279030086371e-01 2.280570609659520187e-01
4.112120266946538150e-02 6.240937135897035165e-02
7.466232558139879183e-02 6.161034363124603258e-02
1.188118788198525982e-01 2.536323348026552904e-01
1.632808283417852280e-01 8.081498107457063323e-04
1.584005965005234884e-01 2.575592907779593599e-01
2.856171311477498365e-01 6.055701919989057991e-02
7.366769859267896514e-02 1.143511643874004918e-01
2.902486187470020296e-01 6.794822637212913352e-02
1.052570495124560829e-01 2.433667899529930456e-01
1.855016332106008414e-01 1.370631062062911340e-02
2.718364923586076287e-01 1.550584894917804712e-01
1.821204930638961883e-01 2.865299331454980725e-01
1.523646497294488256e-01 1.427155839765910927e-01
1.087553063755999361e-01 2.439240122609059591e-01
7.510579173369545669e-02 5.253001998734032479e-02
4.968874355613243921e-02 2.454090278414234050e-01
4.164232528586313264e-02 3.835322250138923500e-02
2.304644793603181641e-01 2.238407629892826822e-01
2.031708817209223333e-02 3.732918998987187764e-02
2.812301729095753045e-01 7.463908502779649512e-02
6.241633438558957803e-02 1.123956973986852126e-01
3.545059321875271285e-02 9.840242643020170876e-02
4.343852455209505636e-02 2.449855367095248038e-01
1.862894351356411404e-01 2.861482809010023609e-01
1.910956085417143402e-01 6.998877546747293843e-02
2.052087858274356524e-01 2.851490949480351422e-01
2.937962356084216076e-01 2.992439705737081068e-01
2.351261466058299499e-01 1.653252922108583711e-01
2.235344772043979800e-01 1.200261581539123767e-01
1.201824551892172743e-01 1.189996725955209111e-01
2.149942987463275001e-01 2.824818164556002209e-01
2.678807936460801398e-01 7.766018506325122854e-03
2.472000851408751310e-01 6.688329612358918930e-02
6.019618855820508402e-02 2.922750736549343809e-01
1.641600230396670634e-01 1.411548706109349294e-01
1.332230520907541627e-01 6.509069462367753078e-02
4.223247260472590831e-02 2.638884864519726592e-01
2.939552535204530970e-01 8.646292501499058814e-02
1.949770442981334229e-01 2.207776433518113535e-01
1.564851393682125946e-01 2.993772095934533681e-02
