1.660973113124697698e-01 2.413579775822076445e-01
3.415303471021935173e-03 2.961788203888578441e-01
2.743964738437164042e-01 6.765824062756696511e-02
1.449715017090402458e-01 2.267217684312522463e-02
8.932411425294885243e-02 3.430509687074317915e-02
2.230102903125805447e-01 2.011290540530566717e-01
2.407353563608571889e-02 2.739145112665071213e-01
1.654253229767798372e-01 7.862849069704187788e-02
1.875282809404794568e-02 2.815326826453408704e-01
2.785500351962273968e-01 1.220009545690938502e-01
2.841075638315778695e-01 1.608256845442950292e-02
2.448875194515053311e-01 7.603118454563533024e-02
2.685679975981979384e-01 5.551936021486970213e-02
3.199828766863267032e-02 2.169352103266683207e-01
1.278757711378656313e-02 3.011031978249379890e-02
1.373881226225623087e-01 1.143659507413320453e-01
1.781973240665199187e-01 2.875017670414652393e-01
1.077952268246326895e-01 9.695120444934856099e-03
8.056908835378683020e-02 2.181195689758393813e-02
2.896424500088970802e-02 2.859586312643542239e-01
1.453231274316250932e-01 7.076714475837356244e-02
2.675983649286988175e-01 8.629466788186546111e-02
2.707020769092551293e-01 1.562189388817854241e-01
2.945651026265007633e-01 2.931333021221566026e-01
2.316130435834066748e-01 6.708639171102043219e-02
2.362004361345071690e-01 2.711967872528775469e-01
6.851120908778374208e-02 2.649111619327871869e-01
1.950785763588179789e-01 2.019424750770204835e-01
2.363351167225312410e-01 2.004902042205316537e-01
2.501974223497834271e-01 1.006730922366070730e-01
1.980464759548469789e-01 2.664683389714159745e-01
1.064940061033255031e-01 7.193643882139336143e-02
1.904120237269284199e-01 1.442298066540560753e-01
1.377525628776450628e-01 1.864557818789365495e-01
9.840769064951970790e-02 1.270669606146103137e-01
2.200432237413347258e-01 1.072856558748746802e-01
2.540075631000122680e-01 1.674057735541100225e-02
4.105926461625351159e-02 3.935491651842557698e-02
5.107496140389095746e-02 2.942273905574127602e-02
1.120761080974430196e-01 2.975487723260039075e-01
4.617729113928400325e-02 6.066467283848286929e-02
2.590099010660476542e-01 2.283233333473350390e-01
1.079113845281155643e-01 2.809499056652940974e-01
2.473374610515016447e-01 2.489698716268688994e-01
8.737108632148156417e-02 2.053592013355031165e-01
4.751196129887177294e-02 2.176505486557784863e-01
1.305464446267339540e-01 2.535985809940029534e-01
6.387185567602900182e-02 2.605364649351731288e-01
6.436469114735866859e-02 2.101966779624710180e-01
6.201506339636372184e-02 1.657759031206202105e-01
