2.232478157965348264e-01 2.765011112246838487e-01
1.119913272570838237e-03 9.630830523366551432e-03
2.276783556670453901e-01 1.328720188324533369e-01
4.088031691338069734e-02 7.058819138218390410e-02
2.934620655292579650e-01 1.130377241015532719e-01
2.106254893637442838e-01 2.058167911044463672e-01
2.978788674398274439e-01 1.984784730653481599e-01
1.957266456143004207e-01 1.019835229271478655e-01
2.666350519473776881e-01 1.914294275431298320e-01
1.681105796571034094e-01 2.840926402901311400e-03
2.383753469348959264e-01 2.333854959793460193e-01
3.501083573451293368e-02 5.935140517757528378e-02
1.306260427216911768e-01 1.859658402734802318e-01
2.072620248411073673e-01 1.385589237374263705e-01
6.458871701586814396e-02 3.304239194492971515e-02
7.676176940570622088e-03 2.153157759991705111e-01
1.239687735859148765e-01 1.153005959985693163e-01
3.519356895961472942e-02 7.701705005132963855e-02
2.181014922062277650e-01 9.777483542142088868e-02
2.349059733064200184e-01 5.362318515834023358e-02
2.003547729831028079e-01 2.774409692507994740e-01
2.431090662743323472e-01 2.350015374723772865e-01
2.477745098974349081e-01 1.164558968636535685e-01
7.913711491059942371e-02 1.543251006219268362e-01
8.466340428555452213e-02 5.902905033918839917e-02
3.140565254799670969e-02 8.748583087129764568e-02
1.318012173966887635e-01 1.938812082824994398e-01
9.593977224192438980e-02 1.553565522000115717e-01
3.494238303961342412e-02 2.923273187166014475e-01
3.586518350178924397e-03 6.958161974068827194e-02
5.232766020507055582e-02 5.811455048998741268e-02
2.595657880226409087e-01 2.148460992728839225e-01
2.210903564184283077e-01 2.004137992035276150e-01
2.026516047958107636e-01 6.421657663121001225e-02
2.404295250867542477e-01 5.120122387763598876e-02
9.206230068324473825e-02 1.767564222314085554e-01
1.114372199820484743e-02 2.395662030326621839e-01
9.199658558377706019e-02 9.210232746137783644e-02
2.678790544180507660e-01 1.848375854017539344e-01
1.041941389636657500e-01 9.984477701669633443e-02
3.765029629759910484e-02 2.462832633154849182e-01
3.724961194651601332e-02 5.249140835403100919e-02
2.843850167712611565e-01 1.498621623884259513e-01
6.680089060143716562e-02 2.813785528072439979e-01
1.574364817903623204e-01 6.700761171994988608e-02
1.376022829495243960e-01 2.569821069017002579e-01
2.854531397255617373e-02 1.168878347735764489e-01
1.496786610646223814e-01 1.810448628160646056e-01
2.931821609777086057e-01 2.395328788992659996e-01
2.299476640656420989e-01 1.867786422211929476e-01
